17819 0.695572 0.233288 0.071140
17815 0.216832 0.198361 0.584807
4764 0.225290 0.440977 0.333733
17761 0.349256 0.012090 0.638654
17757 0.252913 0.010734 0.736353
17328 0.509890 0.293169 0.196941
17806 0.100384 0.283377 0.616239
5121 0.696025 0.271996 0.031980
17789 0.302987 0.255430 0.441584
5150 0.667572 0.010525 0.321903
17793 0.646376 0.284307 0.069317
13659 0.716121 0.078222 0.205657
522 0.465353 0.215098 0.319548
16550 0.276730 0.633267 0.090003
17661 0.736361 0.187292 0.076346
17641 0.418442 0.440482 0.141076
17627 0.145808 0.372084 0.482108
4642 0.122474 0.829375 0.048151
4656 0.098153 0.813135 0.088712
4652 0.658460 0.264533 0.077008
17637 0.597783 0.358982 0.043235
17580 0.742105 0.089495 0.168400
4762 0.616023 0.047415 0.336562
4755 0.866546 0.039067 0.094387
4752 0.138729 0.666152 0.195119
10703 0.488676 0.089273 0.422051
19393 0.655389 0.047317 0.297294
7170 0.514872 0.172219 0.312909
10067 0.609016 0.134458 0.256526
15639 0.805497 0.178081 0.016423
17512 0.509406 0.026747 0.463848
17516 0.287871 0.648795 0.063334
4767 0.108089 0.507771 0.384140
17568 0.739911 0.221258 0.038831
5197 0.024483 0.748121 0.227396
16885 0.185535 0.375406 0.439060
15854 0.556401 0.280589 0.163011
17572 0.518863 0.381907 0.099229
4707 0.143285 0.511993 0.344722
17542 0.491064 0.252331 0.256605
17545 0.070034 0.309745 0.620221
4737 0.139532 0.321388 0.539080
1872 0.796999 0.179184 0.023818
1882 0.036111 0.032346 0.931543
17556 0.144161 0.175244 0.680596
17807 0.200202 0.691223 0.108575
17773 0.482847 0.208481 0.308672
5173 0.306588 0.043452 0.649960
5169 0.247140 0.547360 0.205500
5165 0.525245 0.250913 0.223843
17754 0.211324 0.224955 0.563721
5190 0.189560 0.193952 0.616488
5186 0.267623 0.198578 0.533800
5182 0.410680 0.230065 0.359256
5161 0.357931 0.445469 0.196601
17812 0.311895 0.472990 0.215115
5132 0.554038 0.227482 0.218481
17820 0.704675 0.144891 0.150434
5119 0.141281 0.023709 0.835010
5136 0.083221 0.080172 0.836607
17795 0.128872 0.800036 0.071092
17799 0.059317 0.667015 0.273668
5144 0.068885 0.759152 0.171963
16660 0.267069 0.136507 0.596424
479 0.495861 0.488779 0.015360
17472 0.588684 0.391526 0.019790
4176 0.074888 0.878126 0.046986
17251 0.333916 0.194008 0.472076
5114 0.133448 0.666400 0.200152
17231 0.409773 0.508747 0.081480
18300 0.255474 0.556380 0.188146
18251 0.694443 0.250900 0.054657
4127 0.159669 0.182352 0.657979
4228 0.088625 0.624796 0.286579
299 0.590981 0.174345 0.234674
16894 0.071355 0.307165 0.621480
106 0.030664 0.111223 0.858113
292 0.314376 0.118549 0.567075
17467 0.251138 0.246466 0.502395
17372 0.702081 0.225276 0.072643
17484 0.009809 0.075929 0.914261
5138 0.528336 0.024262 0.447402
17670 0.345649 0.193308 0.461043
17676 0.544439 0.396205 0.059355
5265 0.115351 0.010402 0.874248
5269 0.541385 0.400772 0.057843
5240 0.247751 0.216074 0.536175
5215 0.416217 0.032083 0.551701
4235 0.402920 0.344883 0.252196
4276 0.763553 0.082620 0.153827
5206 0.650311 0.349689 0.000000
4256 0.363730 0.540844 0.095425
17422 0.273252 0.244453 0.482295
4202 0.072632 0.348941 0.578427
4198 0.077202 0.266633 0.656165
17457 0.735698 0.102109 0.162194
4168 0.879905 0.118447 0.001648
17684 0.051056 0.465611 0.483333
5248 0.293318 0.172235 0.534447
17696 0.222006 0.586161 0.191833
5255 0.415224 0.445137 0.139639
5200 0.064467 0.784420 0.151113
776 0.616296 0.174860 0.208844
5276 0.026777 0.917742 0.055481
5272 0.181250 0.127144 0.691607
5268 0.051240 0.637682 0.311079
803 0.000000 0.571158 0.428842
16456 0.069753 0.442021 0.488226
807 0.413434 0.424891 0.161675
16257 0.382836 0.615318 0.001846
914 0.792575 0.138770 0.068655
4471 0.243453 0.627305 0.129241
4532 0.238911 0.183772 0.577316
18430 0.745431 0.003423 0.251146
17439 0.315485 0.307259 0.377257
4172 0.517076 0.163032 0.319892
4174 0.326909 0.561941 0.111150
4178 0.229894 0.685491 0.084615
4086 0.043491 0.119733 0.836776
5056 0.542876 0.264227 0.192898
17253 0.489739 0.373911 0.136350
17288 0.523966 0.129009 0.347025
5006 0.140542 0.408969 0.450489
5094 0.280630 0.293260 0.426110
5117 0.476828 0.238515 0.284657
17318 0.124738 0.804935 0.070327
17292 0.063629 0.262980 0.673391
5023 0.062961 0.047211 0.889829
5027 0.233674 0.087844 0.678481
5030 0.274904 0.145425 0.579671
17646 0.358293 0.159318 0.482390
4966 0.298125 0.096198 0.605677
17308 0.116595 0.639824 0.243580
4981 0.702280 0.256962 0.040758
17299 0.060498 0.057442 0.882060
17313 0.247922 0.741600 0.010478
4957 0.244650 0.223090 0.532261
17830 0.018159 0.729480 0.252361
17190 0.178858 0.389136 0.432006
5084 0.073913 0.781064 0.145022
5088 0.457002 0.441306 0.101692
17196 0.056348 0.462774 0.480878
4991 0.230009 0.599420 0.170571
5096 0.146895 0.267799 0.585306
5110 0.453164 0.197262 0.349575
17183 0.590423 0.290747 0.118830
5101 0.325369 0.295926 0.378705
17244 0.027499 0.712733 0.259768
5211 0.292805 0.065026 0.642170
5060 0.003752 0.060403 0.935844
5047 0.414772 0.244222 0.341007
3966 0.303419 0.031045 0.665536
18322 0.001635 0.366802 0.631563
17220 0.102317 0.792027 0.105656
17228 0.091625 0.594307 0.314068
17216 0.131430 0.262129 0.606441
18230 0.491851 0.024357 0.483791
4455 0.269228 0.384914 0.345857
18419 0.071259 0.594611 0.334129
4468 0.042078 0.533847 0.424074
911 0.235855 0.327534 0.436611
4141 0.450392 0.082662 0.466946
4134 0.419746 0.226071 0.354182
4130 0.648589 0.179206 0.172205
17461 0.117504 0.665426 0.217070
17478 0.026621 0.573272 0.400107
17463 0.984542 0.003323 0.012135
17476 0.025264 0.904959 0.069778
4131 0.804533 0.134426 0.061041
4136 0.600739 0.385715 0.013547
17417 0.429587 0.241183 0.329230
16023 0.496422 0.456685 0.046894
17367 0.102347 0.371051 0.526602
17363 0.230442 0.230343 0.539215
17359 0.179912 0.588553 0.231535
17374 0.154238 0.537030 0.308732
17473 0.039944 0.594389 0.365667
4277 0.120511 0.621065 0.258425
17348 0.509605 0.194019 0.296376
4285 0.038783 0.367797 0.593420
17340 0.338853 0.118747 0.542400
4153 0.536024 0.463976 0.000000
4212 0.476592 0.324037 0.199371
4287 0.142551 0.802052 0.055397
4283 0.200282 0.776210 0.023508
17401 0.063788 0.574627 0.361585
4250 0.052240 0.373619 0.574141
4239 0.510923 0.241753 0.247324
4243 0.226671 0.220760 0.552569
4229 0.026568 0.955310 0.018121
18245 0.062582 0.574957 0.362461
18260 0.653273 0.217872 0.128855
4009 0.653733 0.020008 0.326259
18274 0.136983 0.428540 0.434477
4014 0.228273 0.545895 0.225831
4000 0.014150 0.582707 0.403142
4024 0.088820 0.642422 0.268757
4003 0.830262 0.079021 0.090718
4027 0.572325 0.065507 0.362169
4034 0.356760 0.154855 0.488384
18180 0.348445 0.429968 0.221587
18196 0.625733 0.204756 0.169511
18192 0.838325 0.013319 0.148356
4042 0.088390 0.114814 0.796795
18240 0.214461 0.605506 0.180033
4049 0.197989 0.785012 0.017000
4121 0.140189 0.328463 0.531348
4058 0.234528 0.738977 0.026495
18219 0.225001 0.645685 0.129314
18204 0.150695 0.746387 0.102918
18208 0.097333 0.506020 0.396647
18212 0.300777 0.383378 0.315845
18216 0.406324 0.158363 0.435313
18324 0.198821 0.041481 0.759698
17022 0.570853 0.164172 0.264975
18435 0.327316 0.610216 0.062469
18439 0.153017 0.540435 0.306548
18443 0.058430 0.335709 0.605860
18427 0.015893 0.071391 0.912716
4503 0.275778 0.698767 0.025455
4499 0.233486 0.459049 0.307465
18413 0.479293 0.136701 0.384005
4526 0.366852 0.499896 0.133253
18447 0.129025 0.847584 0.023391
4487 0.374060 0.415263 0.210677
18471 0.496480 0.347176 0.156344
18474 0.066713 0.655885 0.277401
18452 0.273254 0.532379 0.194367
936 0.450307 0.428073 0.121621
942 0.432568 0.502652 0.064780
17113 0.674481 0.059249 0.266271
568 0.321110 0.327899 0.350991
4466 0.665287 0.273307 0.061407
18056 0.118695 0.232139 0.649166
18041 0.309388 0.659422 0.031190
18467 0.062188 0.681269 0.256543
18350 0.163255 0.204728 0.632017
4539 0.112277 0.029092 0.858631
18385 0.022398 0.683434 0.294168
4510 0.454219 0.542261 0.003521
4523 0.013616 0.917495 0.068889
18037 0.469205 0.463761 0.067034
17096 0.035429 0.883318 0.081253
17097 0.313833 0.250710 0.435457
535 0.182658 0.130336 0.687006
511 0.106817 0.000040 0.893143
18337 0.326945 0.042253 0.630802
15907 0.264473 0.483322 0.252206
624 0.329428 0.647099 0.023473
18334 0.330648 0.154297 0.515055
18388 0.243202 0.585621 0.171177
17042 0.238989 0.741735 0.019276
18145 0.263725 0.439425 0.296850
18149 0.407364 0.571050 0.021586
832 0.371334 0.520963 0.107703
888 0.726727 0.225765 0.047508
18119 0.188892 0.710731 0.100377
18123 0.354102 0.395035 0.250864
858 0.129994 0.738948 0.131057
18141 0.293481 0.105110 0.601408
850 0.069559 0.491652 0.438789
853 0.563516 0.033497 0.402986
4604 0.225965 0.037090 0.736945
4591 0.272881 0.676227 0.050892
17938 0.085460 0.710784 0.203756
18404 0.096313 0.864651 0.039036
4570 0.743101 0.171133 0.085766
4554 0.368580 0.404874 0.226546
4540 0.794279 0.029065 0.176656
4616 0.157078 0.416997 0.425926
18382 0.057603 0.303777 0.638620
18396 0.337272 0.390762 0.271966
18380 0.808720 0.137047 0.054233
4434 0.216248 0.566490 0.217262
18387 0.714559 0.179418 0.106023
4542 0.303585 0.478883 0.217532
4571 0.173212 0.407260 0.419528
4457 0.148635 0.653328 0.198038
4547 0.120240 0.737792 0.141968
18372 0.712392 0.114421 0.173187
4564 0.258243 0.572159 0.169598
4551 0.056140 0.533025 0.410836
4367 0.099106 0.474030 0.426865
4355 0.188440 0.485945 0.325615
4350 0.330895 0.310117 0.358988
4353 0.303931 0.135743 0.560326
4359 0.441534 0.400609 0.157857
4346 0.114199 0.358818 0.526983
4338 0.198618 0.426562 0.374820
4334 0.389643 0.148123 0.462234
4363 0.294971 0.183710 0.521319
4332 0.229963 0.295675 0.474362
4329 0.624621 0.124322 0.251057
4317 0.765413 0.008177 0.226410
4307 0.211645 0.506435 0.281919
4295 0.127893 0.394859 0.477249
17963 0.338933 0.628796 0.032271
17851 0.279339 0.644191 0.076469
17985 0.310784 0.171482 0.517734
4299 0.373398 0.307970 0.318632
4328 0.138447 0.299533 0.562020
17912 0.292649 0.057155 0.650196
17865 0.512161 0.037073 0.450765
17836 0.714907 0.006855 0.278238
17845 0.214831 0.083483 0.701686
17858 0.515544 0.320172 0.164285
4416 0.329858 0.506747 0.163395
4446 0.116801 0.758707 0.124491
17892 0.835539 0.096464 0.067997
17854 0.007020 0.479333 0.513648
17866 0.197597 0.553353 0.249050
4450 0.084993 0.815355 0.099652
17864 0.506444 0.464060 0.029496
4452 0.675397 0.141587 0.183016
17846 0.309800 0.498687 0.191513
4427 0.331639 0.364728 0.303632
4380 0.486286 0.047537 0.466177
4406 0.006790 0.918719 0.074490
17887 0.506329 0.107594 0.386077
4430 0.238505 0.484330 0.277165
17905 0.027948 0.136517 0.835536
4410 0.702010 0.119746 0.178245
4386 0.054701 0.741927 0.203372
4382 0.068506 0.775961 0.155533
899 0.962498 0.037502 0.000000
18115 0.196282 0.157362 0.646356
18107 0.249088 0.385301 0.365611
903 0.056107 0.717049 0.226844
18088 0.388394 0.267183 0.344424
18093 0.173738 0.304129 0.522133
18106 0.474544 0.246261 0.279195
18095 0.616543 0.051067 0.332389
18013 0.578909 0.268309 0.152782
18060 0.075015 0.093252 0.831734
933 0.865951 0.000000 0.134049
18454 0.612408 0.060997 0.326595
906 0.201572 0.283568 0.514860
959 0.369072 0.068492 0.562436
958 0.282056 0.020464 0.697480
18030 0.304977 0.104216 0.590806
17032 0.099207 0.628170 0.272623
17077 0.198014 0.682240 0.119746
625 0.294356 0.228209 0.477435
612 0.430745 0.095180 0.474075
493 0.014090 0.985910 0.000000
948 0.029655 0.626648 0.343697
16840 0.068964 0.587687 0.343349
942 0.000000 0.868152 0.131848
551 0.274005 0.530656 0.195339
18048 0.049827 0.640589 0.309584
18467 0.021961 0.657225 0.320814
908 0.328133 0.609732 0.062134
17123 0.371421 0.540389 0.088190
17089 0.660488 0.033027 0.306485
17114 0.453975 0.385224 0.160801
937 0.179871 0.343706 0.476424
1231 0.464216 0.487178 0.048606
16503 0.535271 0.422599 0.042130
16196 0.330659 0.459752 0.209589
765 0.597445 0.060753 0.341802
16253 0.099337 0.559958 0.340705
16205 0.200156 0.525538 0.274306
16209 0.168549 0.594444 0.237006
791 0.332427 0.657692 0.009881
787 0.031694 0.606998 0.361307
801 0.118387 0.383826 0.497787
16316 0.039285 0.954981 0.005734
16315 0.326145 0.205606 0.468249
677 0.600402 0.210141 0.189457
16222 0.352508 0.120757 0.526735
4159 0.463014 0.387983 0.149003
17371 0.489927 0.351510 0.158563
17484 0.051503 0.094013 0.854483
730 0.305741 0.420492 0.273767
4258 0.047059 0.368973 0.583968
16267 0.077882 0.664476 0.257642
4162 0.916750 0.083250 0.000000
17370 0.747482 0.077820 0.174699
16300 0.127029 0.562370 0.310601
16244 0.675533 0.216465 0.108002
672 0.482411 0.452454 0.065135
675 0.276410 0.607546 0.116043
679 0.177881 0.558500 0.263619
16310 0.827117 0.052503 0.120380
16319 0.371478 0.093636 0.534885
16241 0.519743 0.163837 0.316421
693 0.189779 0.248846 0.561375
16307 0.164057 0.532416 0.303527
740 0.186017 0.382894 0.431090
16313 0.087960 0.367583 0.544457
683 0.104004 0.833597 0.062399
16259 0.397180 0.539888 0.062932
741 0.821004 0.059439 0.119557
16250 0.825277 0.039740 0.134983
16183 0.523103 0.404278 0.072619
775 0.534504 0.061933 0.403563
818 0.061767 0.244590 0.693644
1210 0.115361 0.270853 0.613786
1169 0.009143 0.215396 0.775461
16448 0.034477 0.410658 0.554865
16500 0.384419 0.050710 0.564871
16345 0.135504 0.061770 0.802726
16247 0.062452 0.462567 0.474982
753 0.033620 0.783200 0.183180
16431 0.001184 0.065739 0.933077
16435 0.176952 0.616751 0.206296
16446 0.543502 0.078600 0.377898
1196 0.418775 0.060539 0.520685
1224 0.415150 0.383538 0.201312
1227 0.635633 0.254742 0.109625
16457 0.572337 0.222654 0.205008
1159 0.329928 0.123341 0.546731
16299 0.579340 0.395804 0.024856
16235 0.400094 0.270765 0.329141
16270 0.228190 0.450887 0.320923
16295 0.252937 0.743706 0.003357
16291 0.344550 0.636869 0.018581
714 0.771554 0.172963 0.055483
16286 0.676385 0.112606 0.211009
931 0.148408 0.359518 0.492074
1229 0.173151 0.525801 0.301048
1159 0.548493 0.131961 0.319546
16299 0.390260 0.356296 0.253444
770 0.339363 0.359984 0.300653
721 0.082885 0.238117 0.678998
1185 0.844760 0.040675 0.114565
16366 0.143058 0.503532 0.353410
16474 0.677936 0.246384 0.075680
1178 0.019355 0.532524 0.448121
1287 0.540636 0.165728 0.293636
1286 0.197120 0.419255 0.383625
16470 0.679362 0.305134 0.015504
16482 0.542750 0.375712 0.081538
16370 0.431008 0.450086 0.118907
1157 0.000000 0.421809 0.578191
16479 0.071299 0.282601 0.646100
16369 0.222224 0.502081 0.275695
1187 0.405253 0.183286 0.411460
16357 0.477706 0.413416 0.108878
16410 0.591096 0.403335 0.005569
1249 0.015797 0.020800 0.963404
16365 0.016114 0.973038 0.010849
1278 0.169535 0.179871 0.650594
16386 0.738127 0.103196 0.158677
16469 0.123650 0.552451 0.323900
1316 0.076535 0.290463 0.633002
1301 0.458327 0.333820 0.207854
1241 0.827669 0.000000 0.172331
16778 0.069691 0.577050 0.353259
16790 0.338914 0.567958 0.093128
17005 0.798282 0.121851 0.079867
299 0.399401 0.482708 0.117891
17384 0.160312 0.433079 0.406609
4126 0.251649 0.504676 0.243675
313 0.152358 0.037079 0.810563
991 0.377757 0.041536 0.580707
1010 0.578529 0.165366 0.256105
15979 0.033331 0.539546 0.427124
15983 0.207950 0.326461 0.465589
1017 0.226211 0.670367 0.103422
14077 0.887195 0.059392 0.053413
14046 0.034198 0.852112 0.113690
15871 0.043439 0.054824 0.901737
15875 0.070320 0.427432 0.502247
1126 0.281201 0.018880 0.699919
15883 0.436715 0.097188 0.466097
15887 0.299075 0.429253 0.271672
1114 0.687693 0.298879 0.013428
15860 0.606113 0.376454 0.017432
1141 0.171935 0.727789 0.100277
15866 0.658642 0.301901 0.039457
1136 0.168831 0.701392 0.129777
15989 0.086025 0.567719 0.346256
1012 0.030151 0.333049 0.636801
1071 0.059687 0.855923 0.084390
15928 0.888881 0.041448 0.069671
1073 0.759423 0.183411 0.057166
15909 0.163751 0.206999 0.629250
15886 0.129246 0.007124 0.863630
15868 0.142023 0.093221 0.764756
15853 0.373758 0.014965 0.611277
16078 0.258634 0.602315 0.139052
17147 0.183278 0.216422 0.600300
16893 0.558983 0.239910 0.201108
239 0.458735 0.507325 0.033939
241 0.160284 0.443823 0.395892
17128 0.650118 0.032269 0.317613
17152 0.303889 0.622866 0.073246
329 0.689379 0.243418 0.067203
1093 0.217817 0.435212 0.346971
17062 0.463734 0.442200 0.094066
16839 0.150571 0.197172 0.652257
337 0.202173 0.560443 0.237385
17384 0.566928 0.269521 0.163551
312 0.584569 0.415431 0.000000
16838 0.399568 0.582278 0.018155
16945 0.297550 0.091831 0.610619
16949 0.372972 0.183149 0.443879
52 0.246053 0.225130 0.528817
55 0.309945 0.638467 0.051588
299 0.085966 0.318359 0.595675
118 0.221844 0.308948 0.469208
46 0.701428 0.296168 0.002404
285 0.740472 0.191548 0.067980
16086 0.289833 0.130608 0.579559
251 0.601895 0.389756 0.008349
16930 0.533772 0.197829 0.268399
279 0.443468 0.417382 0.139150
283 0.064549 0.598786 0.336665
266 0.106815 0.569804 0.323381
78 0.204551 0.524572 0.270876
76 0.177654 0.709021 0.113325
1081 0.153517 0.151400 0.695083
1076 0.030488 0.748225 0.221286
11 0.861028 0.012024 0.126948
1109 0.082349 0.905399 0.012252
1105 0.596555 0.275582 0.127864
1084 0.002325 0.437225 0.560450
15917 0.070811 0.464935 0.464254
19006 0.280191 0.452385 0.267424
16850 0.479642 0.315639 0.204719
16845 0.192214 0.714109 0.093677
144 0.489447 0.100669 0.409884
1101 0.894286 0.096652 0.009062
567 0.596206 0.122305 0.281488
561 0.489435 0.061909 0.448655
557 0.235157 0.154082 0.610761
17097 0.074225 0.206760 0.719015
17118 0.214967 0.302334 0.482699
17091 0.075548 0.352416 0.572036
942 0.156923 0.343537 0.499540
18069 0.192550 0.471968 0.335482
17012 0.246172 0.268294 0.485534
5146 0.533520 0.119776 0.346704
650 0.009935 0.702127 0.287938
590 0.268928 0.480078 0.250994
17071 0.754473 0.209135 0.036392
641 0.260210 0.455727 0.284063
17020 0.399494 0.457957 0.142549
341 0.062546 0.468405 0.469050
609 0.278091 0.516526 0.205384
17049 0.739541 0.101915 0.158544
580 0.111474 0.704885 0.183641
16664 0.923508 0.064989 0.011503
16594 0.052433 0.363041 0.584526
16613 0.414857 0.156360 0.428783
494 0.049637 0.579295 0.371068
16615 0.102863 0.799159 0.097978
383 0.834628 0.064429 0.100944
16629 0.453589 0.247185 0.299226
16657 0.308894 0.072659 0.618447
391 0.623950 0.088329 0.287722
405 0.336294 0.541283 0.122424
401 0.087004 0.661909 0.251087
16605 0.441445 0.007603 0.550952
393 0.026233 0.205856 0.767911
458 0.396877 0.488895 0.114229
16591 0.100867 0.538066 0.361067
16590 0.188745 0.421003 0.390253
16643 0.242266 0.294136 0.463598
16638 0.734131 0.166340 0.099529
488 0.237834 0.496053 0.266113
16635 0.402542 0.104101 0.493357
16512 0.051448 0.466783 0.481769
422 0.106712 0.717123 0.176165
16562 0.650097 0.270984 0.078919
441 0.665426 0.327609 0.006965
484 0.629904 0.197600 0.172496
16517 0.148234 0.183882 0.667884
16513 0.047520 0.432590 0.519890
16581 0.401726 0.273438 0.324835
16576 0.535528 0.245632 0.218841
16588 0.553712 0.022015 0.424273
16552 0.321901 0.351962 0.326136
445 0.601666 0.280859 0.117475
16554 0.055134 0.906173 0.038694
14063 0.088409 0.010000 0.901592
14067 0.707043 0.008790 0.284167
15948 0.213387 0.145383 0.641230
16820 0.248994 0.656567 0.094439
2202 0.587849 0.177395 0.234756
16413 0.756931 0.131103 0.111966
2195 0.885762 0.047454 0.066784
16411 0.679737 0.206769 0.113494
2195 0.261998 0.527981 0.210021
1253 0.261116 0.467405 0.271479
16383 0.184630 0.202108 0.613262
16368 0.519372 0.286204 0.194423
1302 0.391656 0.570383 0.037962
16481 0.760421 0.193393 0.046186
435 0.042711 0.128287 0.829002
1307 0.082148 0.427212 0.490640
16003 0.129392 0.054128 0.816480
16746 0.113660 0.830608 0.055732
16750 0.173543 0.454621 0.371836
16835 0.907991 0.091705 0.000305
2261 0.026959 0.106668 0.866373
16718 0.044159 0.408815 0.547026
2182 0.060218 0.735002 0.204780
2178 0.692154 0.297468 0.010378
15938 0.053627 0.727662 0.218711
15935 0.489816 0.484862 0.025322
1051 0.709043 0.065608 0.225349
16404 0.043939 0.911099 0.044962
15956 0.703904 0.157268 0.138828
1047 0.334181 0.631464 0.034355
16400 0.139425 0.369434 0.491142
1263 0.255097 0.665375 0.079528
16392 0.730487 0.065534 0.203979
1273 0.100791 0.155133 0.744076
1273 0.032363 0.573907 0.393730
15997 0.416210 0.180765 0.403025
20455 0.211568 0.053090 0.735342
2266 0.325406 0.052959 0.621635
2142 0.385807 0.435983 0.178211
20161 0.638154 0.290771 0.071076
2105 0.761538 0.097879 0.140583
2109 0.821660 0.042437 0.135903
16728 0.000000 0.539018 0.460982
20247 0.616683 0.231357 0.151960
2177 0.153013 0.739198 0.107790
2170 0.203274 0.592204 0.204522
1067 0.814602 0.000000 0.185398
1068 0.057213 0.406269 0.536518
1048 0.596475 0.257154 0.146371
15959 0.338620 0.204954 0.456426
1046 0.303431 0.384404 0.312165
1065 0.001594 0.794034 0.204372
15941 0.558174 0.249619 0.192207
1063 0.281112 0.632616 0.086272
15951 0.178287 0.738776 0.082937
1034 0.090957 0.050131 0.858912
16683 0.139504 0.603933 0.256563
20288 0.010500 0.313497 0.676002
20288 0.337109 0.392898 0.269992
20288 0.616840 0.371491 0.011669
2195 0.585246 0.252652 0.162102
2179 0.275477 0.430451 0.294072
16815 0.838743 0.066866 0.094391
15969 0.877548 0.024309 0.098143
1042 0.009869 0.193755 0.796376
20458 0.016080 0.800450 0.183470
15997 0.812467 0.019898 0.167635
20304 0.727517 0.000000 0.272483
20300 0.138378 0.138026 0.723596
2046 0.154041 0.613583 0.232377
2286 0.021218 0.841147 0.137635
16689 0.269953 0.285096 0.444951
16708 0.822822 0.164805 0.012373
1031 0.271974 0.450956 0.277070
15995 0.231922 0.474518 0.293560
1069 0.289519 0.692527 0.017954
2276 0.191875 0.312857 0.495268
15973 0.379280 0.590414 0.030305
15942 0.671648 0.328320 0.000032
1062 0.229494 0.629626 0.140880
15949 0.155844 0.187367 0.656789
2279 0.579451 0.278934 0.141615
2288 0.033522 0.338138 0.628340
2269 0.114336 0.583083 0.302580
2289 0.885880 0.064813 0.049307
20301 0.239101 0.213947 0.546951
20295 0.053149 0.523393 0.423458
2017 0.105243 0.885364 0.009393
2016 0.387484 0.021282 0.591234
2495 0.000000 0.544797 0.455203
20433 0.288204 0.373769 0.338027
2503 0.213145 0.313869 0.472985
20460 0.574170 0.157656 0.268174
20448 0.392482 0.535463 0.072055
20441 0.441509 0.015330 0.543161
20388 0.092465 0.059867 0.847668
2492 0.077032 0.264874 0.658094
2618 0.148292 0.593895 0.257813
2481 0.104038 0.339417 0.556544
20382 0.353041 0.139000 0.507959
2569 0.920196 0.045736 0.034068
2632 0.476583 0.394080 0.129336
20369 0.054852 0.822479 0.122669
20341 0.502231 0.135525 0.362244
20444 0.525583 0.232185 0.242232
2509 0.008611 0.755876 0.235514
2587 0.236058 0.457715 0.306228
2595 0.036146 0.817591 0.146262
2611 0.295594 0.403837 0.300569
19916 0.053516 0.786500 0.159984
19918 0.881196 0.018894 0.099910
18882 0.579858 0.323053 0.097089
1457 0.929645 0.000000 0.070355
20376 0.199890 0.335959 0.464151
2638 0.046721 0.355542 0.597737
2600 0.002942 0.602616 0.394442
19899 0.444498 0.497586 0.057916
20375 0.370594 0.275162 0.354243
2610 0.119238 0.349031 0.531731
20134 0.300341 0.340130 0.359530
19852 0.316488 0.365660 0.317852
18899 0.514638 0.123621 0.361741
18879 0.595095 0.132289 0.272617
1356 0.067289 0.735337 0.197375
2317 0.209127 0.448096 0.342776
20322 0.616298 0.077195 0.306507
20102 0.268403 0.378519 0.353079
19903 0.228229 0.329628 0.442142
19946 0.187807 0.725213 0.086980
1514 0.335556 0.597457 0.066987
18851 0.061901 0.608514 0.329585
2596 0.063135 0.449655 0.487210
2597 0.458060 0.292709 0.249231
19910 0.294712 0.454552 0.250736
2619 0.619358 0.124143 0.256499
20309 0.372728 0.245276 0.381995
20308 0.561777 0.363233 0.074990
19925 0.072490 0.146874 0.780636
19973 0.605974 0.227269 0.166757
20322 0.537892 0.438268 0.023840
2631 0.307778 0.009867 0.682355
20374 0.107613 0.474822 0.417565
20374 0.849013 0.003283 0.147704
1567 0.353048 0.409313 0.237639
19892 0.707124 0.182486 0.110390
2336 0.650452 0.092785 0.256763
19952 0.136861 0.094989 0.768151
19835 0.190940 0.354313 0.454748
2345 0.281457 0.282014 0.436528
2381 0.298997 0.643901 0.057102
19960 0.753416 0.141460 0.105124
2505 0.313830 0.512845 0.173324
19962 0.049409 0.128571 0.822020
19970 0.345459 0.042991 0.611550
2577 0.583387 0.000000 0.416613
19940 0.072006 0.375245 0.552749
1338 0.000000 0.872441 0.127559
20005 0.329246 0.072392 0.598362
1622 0.395413 0.497498 0.107090
20007 0.242380 0.142292 0.615328
1620 0.197220 0.127539 0.675241
18975 0.512449 0.221801 0.265750
1627 0.319524 0.105083 0.575393
1583 0.630399 0.201572 0.168029
1580 0.147835 0.319815 0.532350
19868 0.314199 0.661383 0.024418
19869 0.458282 0.423817 0.117900
2349 0.433703 0.333801 0.232496
19834 0.579333 0.077590 0.343077
2450 0.041629 0.204907 0.753464
2391 0.460843 0.349883 0.189273
2445 0.386633 0.198878 0.414490
2441 0.169513 0.127220 0.703267
20088 0.810709 0.092801 0.096491
20088 0.716606 0.055353 0.228041
19965 0.114763 0.550020 0.335217
2312 0.679584 0.183587 0.136828
1558 0.186274 0.755458 0.058268
20013 0.047530 0.245512 0.706958
1560 0.336125 0.386532 0.277344
20068 0.378344 0.598971 0.022686
20050 0.147852 0.623797 0.228350
1577 0.585750 0.049335 0.364914
1577 0.200976 0.297194 0.501830
1595 0.291493 0.667434 0.041073
18944 0.525344 0.236618 0.238038
1593 0.021373 0.250091 0.728536
19910 0.662024 0.205065 0.132911
2382 0.276112 0.080956 0.642932
20313 0.549127 0.346754 0.104119
18976 0.037733 0.001249 0.961018
18842 0.288598 0.202321 0.509081
1635 0.247014 0.632561 0.120426
18971 0.339894 0.258629 0.401477
19991 0.890042 0.045772 0.064186
1637 0.489252 0.446863 0.063886
1637 0.031425 0.103671 0.864904
20093 0.131422 0.491027 0.377551
1543 0.535991 0.181288 0.282721
20092 0.059247 0.198832 0.741921
1534 0.390207 0.148875 0.460917
20077 0.493133 0.247940 0.258927
1544 0.141086 0.117145 0.741769
18886 0.925233 0.029250 0.045517
2472 0.013431 0.080750 0.905818
1545 0.544875 0.000000 0.455125
20064 0.199124 0.532785 0.268091
18875 0.265773 0.448711 0.285516
1533 0.180337 0.808943 0.010720
1645 0.283731 0.251436 0.464833
1647 0.648770 0.172652 0.178578
19994 0.070455 0.045846 0.883699
1642 0.512898 0.487102 0.000000
1603 0.279655 0.596683 0.123662
1604 0.631836 0.133543 0.234621
1586 0.401947 0.369228 0.228825
19971 0.892544 0.037462 0.069994
19937 0.013170 0.251189 0.735641
17528 0.113936 0.302506 0.583558
1465 0.533577 0.185042 0.281381
19087 0.177864 0.001851 0.820285
19102 0.203229 0.779224 0.017547
19098 0.153034 0.565445 0.281521
1437 0.232799 0.606342 0.160859
19781 0.240727 0.518150 0.241123
1404 0.658906 0.166309 0.174785
1408 0.873431 0.122557 0.004013
127 0.052445 0.038681 0.908875
17537 0.844245 0.120902 0.034853
17548 0.852137 0.020648 0.127215
14094 0.016874 0.905167 0.077959
1813 0.220333 0.047809 0.731858
1424 0.222233 0.162097 0.615670
15668 0.629410 0.321491 0.049099
4734 0.838082 0.103764 0.058154
17555 0.207108 0.106669 0.686223
15889 0.506687 0.043200 0.450114
1875 0.075982 0.392608 0.531409
447 0.325685 0.571504 0.102811
1820 0.239701 0.106765 0.653534
14064 0.389984 0.170550 0.439465
14068 0.911164 0.073191 0.015644
1879 0.834704 0.140323 0.024973
1855 0.145149 0.078091 0.776760
14052 0.115587 0.862694 0.021719
1847 0.023312 0.860957 0.115730
14173 0.702405 0.018966 0.278630
1935 0.614361 0.101377 0.284262
14470 0.641267 0.129293 0.229441
15407 0.184445 0.411565 0.403990
8580 0.505060 0.365130 0.129810
15450 0.319383 0.220092 0.460526
15443 0.365566 0.435450 0.198984
15237 0.411339 0.194905 0.393756
15241 0.659413 0.030958 0.309629
1696 0.170058 0.709015 0.120927
13944 0.150566 0.838536 0.010898
13928 0.064648 0.731783 0.203569
13911 0.400387 0.536617 0.062996
13915 0.291189 0.265208 0.443603
1921 0.992359 0.007641 0.000000
1945 0.369426 0.630574 0.000000
1941 0.973592 0.026408 0.000000
14180 0.717152 0.090458 0.192390
15246 0.381699 0.383469 0.234832
14169 0.455288 0.300208 0.244503
14164 0.366528 0.025621 0.607851
1895 0.062146 0.419997 0.517857
14176 0.238849 0.433449 0.327702
1953 0.708006 0.093155 0.198840
13926 0.085835 0.519731 0.394434
1942 0.305490 0.111874 0.582635
1959 0.274074 0.700211 0.025715
14156 0.055935 0.923345 0.020720
1739 0.000000 0.410329 0.589671
13937 0.665994 0.159399 0.174607
1701 0.158477 0.809469 0.032054
1705 0.230189 0.769811 0.000000
1814 0.548237 0.186006 0.265757
1919 0.053267 0.773564 0.173169
13899 0.093555 0.112557 0.793888
1927 0.016676 0.348294 0.635030
1931 0.940726 0.013742 0.045532
14023 0.388325 0.041100 0.570575
14030 0.774656 0.064365 0.160979
1910 0.318113 0.613538 0.068350
14133 0.610601 0.382095 0.007304
14118 0.464601 0.037264 0.498135
1961 0.159915 0.804332 0.035753
1965 0.327377 0.301917 0.370706
14426 0.030885 0.568796 0.400319
1664 0.272678 0.217497 0.509825
1685 0.174440 0.684102 0.141459
1722 0.672274 0.320068 0.007658
13894 0.421997 0.484832 0.093171
1690 0.585779 0.190380 0.223841
13889 0.778957 0.125068 0.095975
1656 0.053129 0.718455 0.228415
13881 0.316645 0.122011 0.561345
1682 0.137768 0.639378 0.222855
14000 0.139374 0.794330 0.066297
1726 0.401042 0.070779 0.528179
13961 0.349301 0.468617 0.182082
1804 0.107319 0.347368 0.545313
13988 0.060437 0.381199 0.558364
14013 0.451541 0.068787 0.479671
8822 0.000000 0.246900 0.753100
14399 0.084975 0.335743 0.579282
14381 0.375164 0.041478 0.583358
13953 0.055667 0.570141 0.374192
14420 0.050714 0.494403 0.454884
14406 0.224636 0.358320 0.417044
14373 0.104781 0.337602 0.557616
14377 0.265653 0.649825 0.084522
1735 0.239731 0.340094 0.420175
1750 0.169473 0.620835 0.209692
14398 0.561934 0.268100 0.169967
8810 0.247358 0.210853 0.541789
1784 0.965290 0.006267 0.028443
14410 0.010660 0.357168 0.632171
14411 0.750217 0.088335 0.161448
14438 0.173999 0.517559 0.308442
8770 0.079133 0.695501 0.225366
8752 0.387724 0.242917 0.369359
8754 0.566345 0.011194 0.422461
8791 0.125236 0.633093 0.241672
14384 0.050822 0.785103 0.164075
8886 0.185546 0.260667 0.553787
1819 0.326398 0.253598 0.420004
1816 0.695097 0.299854 0.005050
14113 0.473074 0.074750 0.452177
16529 0.459196 0.196923 0.343881
14504 0.469093 0.314827 0.216080
8749 0.898378 0.092131 0.009491
8875 0.049811 0.734603 0.215585
8912 0.072260 0.706969 0.220771
14271 0.584095 0.005370 0.410535
8629 0.398915 0.000000 0.601085
8660 0.457355 0.183240 0.359405
8165 0.121454 0.389896 0.488651
8165 0.141383 0.342710 0.515907
8156 0.036671 0.722934 0.240396
8153 0.311624 0.134320 0.554056
8278 0.128512 0.871488 0.000000
15735 0.057614 0.936835 0.005551
8855 0.075379 0.485392 0.439229
13577 0.027021 0.443996 0.528983
14259 0.283891 0.058327 0.657782
8635 0.329399 0.087130 0.583472
8630 0.223389 0.553420 0.223191
8634 0.051217 0.695816 0.252967
8937 0.141048 0.083272 0.775680
9035 0.819412 0.180588 0.000000
13766 0.502378 0.081619 0.416003
14498 0.206166 0.564532 0.229303
8772 0.106051 0.841765 0.052185
8831 0.025266 0.800208 0.174526
14507 0.186485 0.390601 0.422914
14471 0.462851 0.340370 0.196779
13380 0.557361 0.277084 0.165555
14207 0.469304 0.151465 0.379231
14217 0.827927 0.169078 0.002995
15198 0.530096 0.359380 0.110524
9148 0.278716 0.055265 0.666019
8704 0.674985 0.221417 0.103598
15193 0.484187 0.128446 0.387367
14226 0.155657 0.052990 0.791353
14346 0.116113 0.618531 0.265356
8289 0.529880 0.242710 0.227409
8715 0.074532 0.579345 0.346123
14358 0.651359 0.279456 0.069184
8723 0.508439 0.276561 0.215000
14316 0.110953 0.437132 0.451915
8299 0.608079 0.391921 0.000000
8314 0.236236 0.246179 0.517585
8730 0.538996 0.429477 0.031527
14297 0.048161 0.220692 0.731147
14294 0.198888 0.374972 0.426140
14224 0.688974 0.063850 0.247176
8746 0.116182 0.821931 0.061888
13387 0.588793 0.116291 0.294916
13452 0.118937 0.576106 0.304957
13437 0.553769 0.426038 0.020193
9124 0.349881 0.455243 0.194876
9125 0.513042 0.329399 0.157559
8683 0.143171 0.736953 0.119876
13428 0.317761 0.294909 0.387330
13424 0.079497 0.191173 0.729330
8915 0.833256 0.047772 0.118972
13434 0.733055 0.174699 0.092247
8589 0.198894 0.169040 0.632066
8685 0.222226 0.163729 0.614045
8260 0.468510 0.513830 0.017660
15210 0.478668 0.339071 0.182261
15258 0.279380 0.317598 0.403022
8299 0.108153 0.797164 0.094684
15253 0.001723 0.790891 0.207385
8328 0.413352 0.549344 0.037303
8733 0.853827 0.129898 0.016274
8740 0.094180 0.063024 0.842797
14320 0.122705 0.426507 0.450787
15213 0.370196 0.119332 0.510472
13376 0.478286 0.477937 0.043777
13391 0.265009 0.594350 0.140641
9092 0.647015 0.074097 0.278888
13405 0.322805 0.452325 0.224870
9084 0.326006 0.433357 0.240637
9085 0.006586 0.253196 0.740218
13398 0.091363 0.380980 0.527656
13394 0.020537 0.312510 0.666954
9109 0.544949 0.348410 0.106642
9105 0.869276 0.121012 0.009712
13447 0.486001 0.407561 0.106438
9127 0.116683 0.302796 0.580520
9177 0.005691 0.992119 0.002190
13458 0.303402 0.080177 0.616421
13462 0.313569 0.086214 0.600217
13472 0.856782 0.100251 0.042967
9236 0.362239 0.514550 0.123211
9241 0.310598 0.397225 0.292177
13494 0.437518 0.414053 0.148429
13518 0.314227 0.414009 0.271763
13522 0.008785 0.188469 0.802747
9215 0.426583 0.446061 0.127357
9216 0.791390 0.018475 0.190135
13502 0.201118 0.471389 0.327492
13497 0.335935 0.179692 0.484373
13489 0.762802 0.094760 0.142438
8441 0.512395 0.118087 0.369518
8513 0.664129 0.201079 0.134792
15463 0.696710 0.203078 0.100211
15514 0.569403 0.274513 0.156084
15380 0.623808 0.347587 0.028605
8427 0.732788 0.216842 0.050371
15416 0.280100 0.632024 0.087877
15418 0.245485 0.188754 0.565762
7956 0.846475 0.020662 0.132863
8059 0.503821 0.341604 0.154575
9174 0.058173 0.865715 0.076112
13487 0.307610 0.324073 0.368317
13483 0.144794 0.113361 0.741845
15479 0.028565 0.034351 0.937084
13679 0.470456 0.128788 0.400756
9184 0.304845 0.669088 0.026066
8561 0.872518 0.075577 0.051905
8060 0.386772 0.494384 0.118844
8086 0.869313 0.052167 0.078520
8045 0.034874 0.175030 0.790096
13691 0.600121 0.388181 0.011698
7964 0.355671 0.574713 0.069615
9066 0.717884 0.282116 0.000000
13344 0.085484 0.661360 0.253156
8945 0.530197 0.348708 0.121096
8957 0.462161 0.237468 0.300371
8975 0.719234 0.102122 0.178644
8916 0.374232 0.124960 0.500808
13332 0.080250 0.797404 0.122346
13367 0.838884 0.062664 0.098452
13289 0.005400 0.627379 0.367221
8935 0.589905 0.190100 0.219996
13240 0.147791 0.831732 0.020477
13240 0.245154 0.504412 0.250434
8488 0.398030 0.601970 0.000000
8490 0.937953 0.062047 0.000000
9048 0.996924 0.003076 0.000000
9045 0.261976 0.738024 0.000000
8980 0.684858 0.231221 0.083921
7934 0.344853 0.575034 0.080113
8302 0.292316 0.139022 0.568662
8922 0.648954 0.054772 0.296274
13247 0.729122 0.178567 0.092311
8949 0.084275 0.401457 0.514268
13346 0.638201 0.330528 0.031271
9062 0.680357 0.008810 0.310833
8983 0.345536 0.287236 0.367228
13222 0.034914 0.816966 0.148120
13313 0.061489 0.795290 0.143221
13760 0.235466 0.091997 0.672537
9045 0.320872 0.330054 0.349074
8934 0.539655 0.234963 0.225381
9039 0.000000 0.185516 0.814484
8922 0.122041 0.000000 0.877959
13362 0.158091 0.314383 0.527526
13247 0.381225 0.136705 0.482070
8957 0.061229 0.405446 0.533325
13767 0.761251 0.038935 0.199814
13832 0.070616 0.521002 0.408382
13538 0.791907 0.097805 0.110288
9027 0.193295 0.643727 0.162978
9022 0.424964 0.113658 0.461377
9020 0.040594 0.497375 0.462031
8583 0.000000 0.299307 0.700693
8958 0.837560 0.036740 0.125699
8957 0.028506 0.156983 0.814511
13345 0.593080 0.144514 0.262407
13772 0.876041 0.064473 0.059486
8139 0.374648 0.535206 0.090146
9002 0.515199 0.484801 0.000000
13345 0.606002 0.331617 0.062381
13769 0.403703 0.169019 0.427279
13765 0.050587 0.651691 0.297722
9011 0.096974 0.712405 0.190622
13746 0.139966 0.604456 0.255578
13707 0.026307 0.888456 0.085238
8128 0.142752 0.078809 0.778440
13834 0.930512 0.065396 0.004092
13838 0.146882 0.290791 0.562326
15309 0.270989 0.117878 0.611133
8108 0.000000 0.376211 0.623789
8127 0.000000 0.114447 0.885553
8126 0.440615 0.154476 0.404909
8414 0.141015 0.296885 0.562100
13838 0.312828 0.503253 0.183918
15288 0.866840 0.110652 0.022508
13710 0.702798 0.121736 0.175467
8169 0.227394 0.699191 0.073414
8128 0.688898 0.311102 0.000000
8004 0.129939 0.666762 0.203299
8248 0.068237 0.193367 0.738396
13798 0.426828 0.490058 0.083114
13822 0.108477 0.883061 0.008462
13803 0.444126 0.123853 0.432020
13812 0.737302 0.084218 0.178479
8200 0.020649 0.555395 0.423956
8189 0.169102 0.768618 0.062280
13545 0.865606 0.012201 0.122193
7992 0.262659 0.023026 0.714315
8312 0.108318 0.197602 0.694079
15264 0.822900 0.046503 0.130597
13859 0.471570 0.401387 0.127043
13811 0.637478 0.098231 0.264291
13802 0.186306 0.484887 0.328808
13792 0.040574 0.876600 0.082826
8194 0.072012 0.413176 0.514811
8208 0.617689 0.133404 0.248907
13597 0.072974 0.436121 0.490905
7971 0.150215 0.849785 0.000000
7978 0.575915 0.298718 0.125367
7972 0.142630 0.140808 0.716561
7999 0.211992 0.214920 0.573088
7987 0.675419 0.269035 0.055546
8397 0.936559 0.000000 0.063441
13669 0.286760 0.696001 0.017239
8019 0.523015 0.227851 0.249134
13567 0.094029 0.660160 0.245811
13652 0.363321 0.513263 0.123416
7933 0.225225 0.235911 0.538863
13671 0.171607 0.568378 0.260016
8081 0.383064 0.496933 0.120003
13625 0.523283 0.226208 0.250509
13687 0.118914 0.403604 0.477482
8069 0.352651 0.535460 0.111889
8491 0.084557 0.065849 0.849594
15405 0.329444 0.237026 0.433531
8852 0.342285 0.466109 0.191606
8866 0.753671 0.139562 0.106767
8865 0.000000 0.192113 0.807887
14249 0.812007 0.184182 0.003810
8021 0.374465 0.248231 0.377304
15398 0.380619 0.453085 0.166296
15403 0.279081 0.089160 0.631760
8026 0.084388 0.496592 0.419020
8042 0.301410 0.347076 0.351514
8463 0.123725 0.773470 0.102805
8550 0.063172 0.502545 0.434283
15370 0.284038 0.131044 0.584918
15372 0.017080 0.226948 0.755972
8473 0.063997 0.725448 0.210555
8470 0.148705 0.244638 0.606657
8558 0.552735 0.319727 0.127538
15435 0.167633 0.547471 0.284896
8447 0.586400 0.399937 0.013663
8443 0.319156 0.044304 0.636540
15487 0.021436 0.918680 0.059884
8579 0.724050 0.210946 0.065004
8549 0.009995 0.777164 0.212841
8552 0.261396 0.483460 0.255144
15505 0.324557 0.275720 0.399723
8516 0.655385 0.079561 0.265053
8540 0.138584 0.631389 0.230027
15437 0.629083 0.079829 0.291088
8508 0.753058 0.193533 0.053409
8531 0.113541 0.116541 0.769918
1969 0.063511 0.847657 0.088832
13575 0.656835 0.243317 0.099848
8562 0.110795 0.021849 0.867356
8972 0.695291 0.234607 0.070102
15194 0.000000 0.950174 0.049826
15229 0.000000 0.499180 0.500820
8287 0.000000 0.406312 0.593688
15223 0.253735 0.676224 0.070041
15215 0.455393 0.202888 0.341720
15270 0.167914 0.662371 0.169715
8291 0.000000 0.887185 0.112815
8298 0.000000 0.656496 0.343504
15252 0.000000 0.573462 0.426538
8327 0.096933 0.050566 0.852501
15209 0.000000 0.147019 0.852981
8261 0.000000 0.322355 0.677645
8274 0.000000 0.116999 0.883001
8273 0.000000 0.667848 0.332152
8106 0.103770 0.826279 0.069951
15281 0.649603 0.045104 0.305293
8410 0.090916 0.347604 0.561480
15759 0.014316 0.974369 0.011315
8380 0.000000 0.400304 0.599696
8380 0.000000 0.573133 0.426867
8381 0.493106 0.199922 0.306972
10121 0.184759 0.518856 0.296385
15763 0.086550 0.739524 0.173926
8395 0.006381 0.624743 0.368876
15314 0.267159 0.619856 0.112984
8277 0.009688 0.260033 0.730279
15729 0.650521 0.138107 0.211372
15726 0.431562 0.338210 0.230227
10482 0.356961 0.601535 0.041504
10129 0.146044 0.833564 0.020392
15757 0.100586 0.354220 0.545193
10118 0.467957 0.229041 0.303002
10115 0.700939 0.299061 0.000000
15752 0.518312 0.127651 0.354037
15739 0.858941 0.084602 0.056457
8385 0.194594 0.795422 0.009984
15333 0.196711 0.797149 0.006140
8340 0.058465 0.394486 0.547050
8343 0.249345 0.269875 0.480780
8346 0.572389 0.163163 0.264449
8361 0.245500 0.493011 0.261490
15686 0.385107 0.416930 0.197963
10102 0.491576 0.356837 0.151587
15767 0.299355 0.016994 0.683651
15813 0.009780 0.557913 0.432307
8358 0.686899 0.119370 0.193731
15717 0.459072 0.309463 0.231465
15713 0.122659 0.703407 0.173934
10191 0.180198 0.650274 0.169528
10083 0.272255 0.574942 0.152802
10088 0.000000 0.222290 0.777710
15814 0.098385 0.522421 0.379194
15771 0.026519 0.193626 0.779855
15779 0.350900 0.589024 0.060076
10227 0.850760 0.149240 0.000000
10231 0.307609 0.106519 0.585872
10214 0.133719 0.301205 0.565076
10212 0.705714 0.084311 0.209976
15844 0.138826 0.182614 0.678560
8345 0.000000 0.253806 0.746194
10202 0.191747 0.534883 0.273370
14562 0.161409 0.825743 0.012847
9972 0.045412 0.869949 0.084640
10071 0.003945 0.870370 0.125686
15578 0.878872 0.001557 0.119571
17613 0.429315 0.303579 0.267106
9964 0.349488 0.089394 0.561118
17617 0.134653 0.526205 0.339143
9960 0.574061 0.027855 0.398084
15579 0.055188 0.160241 0.784571
14704 0.734194 0.114465 0.151341
14708 0.825370 0.025398 0.149233
10479 0.315445 0.590650 0.093905
4596 0.508170 0.454544 0.037286
17589 0.535416 0.352203 0.112381
4683 0.340555 0.215889 0.443556
4668 0.044781 0.515882 0.439336
11553 0.309480 0.394902 0.295618
9978 0.387606 0.274028 0.338366
15560 0.679583 0.026813 0.293604
9950 0.308333 0.331236 0.360431
4664 0.012356 0.513661 0.473982
9965 0.575327 0.061971 0.362701
17649 0.290102 0.320198 0.389700
4629 0.071726 0.444221 0.484052
17644 0.513325 0.129597 0.357078
15545 0.554817 0.210032 0.235152
15546 0.054435 0.305449 0.640117
9940 0.017688 0.470407 0.511905
15599 0.046793 0.076344 0.876864
9937 0.156556 0.426866 0.416578
20606 0.566457 0.317652 0.115891
20602 0.224607 0.078118 0.697275
9197 0.819256 0.129465 0.051280
9190 0.015574 0.075199 0.909227
3638 0.747113 0.202450 0.050437
13262 0.119817 0.378885 0.501298
7927 0.051964 0.027454 0.920582
18566 0.835241 0.072350 0.092410
3816 0.583517 0.097912 0.318571
2821 0.127012 0.092360 0.780628
2869 0.166897 0.111320 0.721783
3299 0.244539 0.640285 0.115176
20684 0.779573 0.186872 0.033555
15521 0.564832 0.353710 0.081458
15555 0.422082 0.250796 0.327121
9910 0.310594 0.150254 0.539151
9914 0.171204 0.430936 0.397860
19325 0.910201 0.023364 0.066435
19320 0.115914 0.135762 0.748324
19336 0.165097 0.635357 0.199546
19220 0.379816 0.013950 0.606234
9932 0.232995 0.767005 0.000000
9945 0.468430 0.132392 0.399178
9986 0.212685 0.168331 0.618985
12300 0.321323 0.206906 0.471772
10035 0.020209 0.572062 0.407730
6722 0.205644 0.687898 0.106458
19375 0.682277 0.304309 0.013415
7174 0.436412 0.123070 0.440518
10014 0.483990 0.211175 0.304835
14741 0.544743 0.203931 0.251326
10235 0.534494 0.183279 0.282227
10028 0.033018 0.821008 0.145973
15605 0.483107 0.178300 0.338594
15602 0.516087 0.216048 0.267866
16926 0.094489 0.461820 0.443690
10462 0.532861 0.293487 0.173651
9998 0.572441 0.404186 0.023373
15634 0.608181 0.014969 0.376850
15625 0.068718 0.663549 0.267733
15189 0.197790 0.782310 0.019899
6704 0.031272 0.791491 0.177236
19360 0.509065 0.429223 0.061712
7160 0.349732 0.292238 0.358029
6294 0.376797 0.459232 0.163971
10708 0.759371 0.103476 0.137153
6410 0.370070 0.431129 0.198801
10717 0.106507 0.298339 0.595154
10447 0.120680 0.817658 0.061662
5360 0.077709 0.086755 0.835536
6283 0.353087 0.410372 0.236540
11169 0.235990 0.281389 0.482621
11005 0.142337 0.247260 0.610403
83 0.517937 0.214047 0.268016
6279 0.297118 0.014240 0.688642
10588 0.093718 0.037434 0.868849
6308 0.013486 0.348630 0.637884
6304 0.029063 0.601314 0.369623
10668 0.002283 0.048309 0.949408
19364 0.526933 0.310907 0.162159
19380 0.713264 0.146471 0.140266
6365 0.918396 0.058270 0.023334
6361 0.702795 0.263048 0.034158
10674 0.265067 0.013581 0.721352
6388 0.153704 0.176198 0.670097
11060 0.138068 0.072989 0.788943
10912 0.370725 0.599101 0.030174
14732 0.320269 0.049226 0.630505
14592 0.038438 0.718760 0.242802
14575 0.009982 0.654134 0.335884
14699 0.057874 0.354401 0.587725
10466 0.860482 0.006891 0.132627
10444 0.099249 0.743548 0.157203
14695 0.398553 0.552337 0.049110
10414 0.171888 0.712389 0.115722
14727 0.602891 0.016824 0.380285
11533 0.470443 0.123460 0.406097
10402 0.159887 0.735982 0.104131
10420 0.674493 0.179328 0.146179
10436 0.266941 0.642054 0.091005
10435 0.849154 0.068273 0.082574
5804 0.707804 0.284987 0.007209
10423 0.300011 0.202832 0.497157
9488 0.362492 0.543925 0.093583
10526 0.211058 0.638039 0.150903
10379 0.053726 0.861676 0.084598
10396 0.112918 0.439457 0.447625
14997 0.772935 0.080401 0.146664
9273 0.506667 0.289821 0.203512
14892 0.328304 0.588102 0.083594
9323 0.244883 0.715524 0.039593
9302 0.060186 0.762884 0.176930
9512 0.026987 0.590129 0.382884
15175 0.263370 0.580783 0.155846
15156 0.698753 0.192208 0.109039
15060 0.509384 0.390728 0.099888
15163 0.745193 0.060777 0.194030
15180 0.140833 0.618697 0.240470
11563 0.208394 0.201437 0.590170
6013 0.253233 0.305217 0.441550
10563 0.648458 0.011065 0.340477
10555 0.284413 0.429991 0.285596
14780 0.392603 0.411996 0.195401
14791 0.592537 0.065459 0.342004
10522 0.240183 0.172198 0.587619
10497 0.239565 0.356296 0.404140
14927 0.243247 0.612112 0.144641
6018 0.586033 0.047194 0.366773
10490 0.042491 0.079314 0.878195
9539 0.000000 0.154325 0.845675
15062 0.059160 0.611323 0.329517
15037 0.520498 0.463441 0.016061
9478 0.177358 0.558020 0.264622
15029 0.028744 0.494347 0.476908
9452 0.019478 0.904211 0.076311
14845 0.205439 0.386076 0.408485
14849 0.426702 0.152842 0.420456
10536 0.367311 0.429280 0.203409
10541 0.827083 0.157911 0.015006
14820 0.260344 0.213549 0.526107
10523 0.261447 0.451092 0.287461
6485 0.181614 0.548935 0.269450
10734 0.073895 0.376610 0.549495
10552 0.267406 0.696574 0.036020
10549 0.172500 0.535839 0.291661
10498 0.000000 0.427152 0.572848
11643 0.276668 0.264532 0.458800
6030 0.322448 0.161986 0.515566
15087 0.313249 0.141227 0.545524
9454 0.605436 0.063322 0.331243
9459 0.449004 0.111989 0.439006
15100 0.062585 0.661626 0.275789
10341 0.082329 0.358492 0.559179
14844 0.685240 0.129030 0.185729
14576 0.080919 0.051404 0.867677
10516 0.217371 0.585584 0.197045
10521 0.424393 0.227142 0.348465
10488 0.688571 0.159486 0.151942
10260 0.355618 0.531163 0.113218
10274 0.409354 0.121744 0.468902
10301 0.581400 0.088236 0.330364
10290 0.031440 0.552932 0.415628
10505 0.582750 0.356422 0.060828
14640 0.040363 0.204771 0.754866
14662 0.406419 0.289748 0.303834
10269 0.448569 0.345542 0.205889
10307 0.054387 0.667840 0.277773
10311 0.396570 0.580250 0.023180
10251 0.403843 0.573995 0.022162
15523 0.083174 0.613390 0.303436
14566 0.047237 0.064703 0.888060
10324 0.792877 0.175539 0.031585
9375 0.046574 0.365157 0.588269
9382 0.014134 0.327298 0.658568
10255 0.109746 0.752927 0.137326
10238 0.640837 0.294143 0.065020
14921 0.411805 0.329815 0.258380
10364 0.635524 0.146318 0.218158
10365 0.356040 0.619243 0.024718
14688 0.148285 0.696655 0.155060
10374 0.030275 0.362778 0.606947
10317 0.145879 0.686315 0.167806
10392 0.165450 0.181561 0.652989
10388 0.102979 0.604423 0.292598
14621 0.348268 0.006999 0.644733
14613 0.044703 0.419665 0.535632
10328 0.109095 0.217817 0.673088
10501 0.368658 0.539963 0.091378
14646 0.160007 0.176037 0.663956
14648 0.016849 0.394358 0.588793
9252 0.018068 0.185780 0.796153
15078 0.136043 0.779013 0.084944
10349 0.373420 0.454115 0.172465
10353 0.506149 0.095357 0.398494
10337 0.451249 0.067938 0.480812
9904 0.261941 0.473502 0.264557
11437 0.625257 0.273298 0.101444
11427 0.059049 0.672755 0.268197
9366 0.501448 0.142268 0.356284
11217 0.060804 0.083818 0.855378
15057 0.517507 0.260112 0.222380
15053 0.169430 0.622259 0.208311
15049 0.113370 0.101254 0.785376
9431 0.013479 0.156504 0.830017
15046 0.045892 0.511601 0.442507
9540 0.188374 0.798266 0.013360
9546 0.358824 0.043841 0.597335
15186 0.085452 0.896076 0.018472
9492 0.055186 0.610801 0.334013
15152 0.169869 0.063535 0.766596
5604 0.000000 0.903198 0.096802
9541 0.519588 0.173428 0.306984
15118 0.509091 0.287824 0.203085
15121 0.180451 0.605675 0.213874
9571 0.242341 0.410165 0.347495
15170 0.296326 0.101505 0.602169
15113 0.228023 0.732370 0.039607
15116 0.161217 0.606201 0.232582
9504 0.665602 0.129890 0.204507
15137 0.175475 0.428866 0.395660
9498 0.213885 0.272944 0.513171
14904 0.265932 0.112318 0.621750
14910 0.075675 0.470073 0.454252
15140 0.073873 0.920724 0.005404
9508 0.160319 0.212010 0.627671
15109 0.330228 0.424418 0.245354
14931 0.199861 0.108675 0.691464
9526 0.457832 0.502753 0.039414
9529 0.506964 0.005629 0.487407
14879 0.713056 0.021414 0.265529
14862 0.247607 0.437882 0.314511
14866 0.143024 0.054259 0.802718
9304 0.412945 0.547764 0.039290
9300 0.339891 0.108613 0.551496
9280 0.576089 0.158957 0.264954
14880 0.512420 0.447157 0.040423
9247 0.226859 0.498463 0.274678
9313 0.097503 0.771917 0.130580
14873 0.676291 0.211464 0.112245
9274 0.529682 0.175626 0.294692
5534 0.880234 0.042990 0.076776
11176 0.574702 0.106831 0.318466
9385 0.213304 0.609212 0.177485
9269 0.343887 0.629251 0.026862
14980 0.560888 0.261039 0.178073
15083 0.719503 0.010093 0.270404
14960 0.175403 0.493837 0.330760
14972 0.208136 0.744626 0.047237
14969 0.062823 0.313632 0.623545
9764 0.053470 0.637126 0.309404
9365 0.067498 0.873102 0.059400
9360 0.022174 0.351778 0.626047
9355 0.802381 0.163412 0.034207
9354 0.615339 0.003672 0.380989
9409 0.241107 0.083201 0.675692
11441 0.007322 0.427574 0.565104
9768 0.018607 0.808272 0.173122
11464 0.201895 0.017936 0.780168
11460 0.352352 0.393469 0.254179
9800 0.352398 0.646241 0.001361
9801 0.259945 0.354477 0.385578
9810 0.068638 0.247105 0.684257
9809 0.513819 0.157947 0.328235
9769 0.479888 0.384361 0.135751
11395 0.279169 0.447204 0.273627
9757 0.040667 0.117919 0.841413
6217 0.116253 0.007865 0.875883
12785 0.580649 0.399823 0.019528
5793 0.169882 0.076643 0.753475
5787 0.084780 0.115713 0.799508
5446 0.499501 0.375531 0.124968
11833 0.299435 0.649709 0.050856
11423 0.074916 0.740911 0.184173
9774 0.057588 0.048440 0.893973
11612 0.050755 0.159996 0.789250
4693 0.561776 0.329436 0.108788
15530 0.135186 0.356425 0.508390
10410 0.003823 0.363873 0.632305
9336 0.268781 0.332267 0.398952
9795 0.124446 0.541620 0.333934
11398 0.802201 0.180567 0.017233
9744 0.176892 0.801047 0.022062
9890 0.811526 0.141203 0.047271
11552 0.457076 0.289973 0.252952
11539 0.607427 0.062187 0.330387
9898 0.052023 0.946798 0.001179
11809 0.250752 0.286766 0.462481
6382 0.462288 0.048021 0.489691
5908 0.109007 0.466866 0.424127
11871 0.260260 0.705355 0.034385
11883 0.189421 0.502982 0.307597
5858 0.157674 0.197466 0.644860
6176 0.227436 0.698784 0.073780
11345 0.009940 0.596579 0.393481
11333 0.268138 0.325456 0.406407
11775 0.074794 0.033058 0.892148
11728 0.315397 0.055977 0.628626
11797 0.077335 0.131394 0.791271
6169 0.514766 0.203297 0.281937
6163 0.471099 0.234506 0.294395
6151 0.181679 0.268959 0.549362
11736 0.431005 0.453310 0.115685
11479 0.326445 0.299679 0.373876
9873 0.027105 0.366718 0.606178
11503 0.837841 0.053296 0.108862
9895 0.321491 0.607867 0.070641
9837 0.273627 0.687084 0.039289
12599 0.668311 0.127694 0.203995
5914 0.121217 0.246142 0.632641
11477 0.181595 0.794527 0.023879
9871 0.043868 0.587812 0.368320
12838 0.154346 0.424994 0.420660
11278 0.403777 0.345696 0.250527
11287 0.427738 0.456449 0.115812
11500 0.537816 0.335734 0.126451
11282 0.632367 0.200685 0.166948
11273 0.129453 0.603997 0.266550
11506 0.566981 0.135359 0.297660
9824 0.109510 0.677463 0.213027
11495 0.301017 0.050597 0.648386
9835 0.008571 0.754895 0.236534
9836 0.585956 0.233353 0.180691
9652 0.092827 0.175763 0.731410
11230 0.298234 0.182525 0.519241
11299 0.398148 0.103742 0.498110
11306 0.367357 0.017915 0.614727
11237 0.225621 0.519124 0.255255
9631 0.483322 0.077158 0.439520
11298 0.793108 0.154826 0.052066
9647 0.618925 0.274339 0.106736
9616 0.051405 0.690609 0.257987
9622 0.000000 0.807638 0.192362
9649 0.035889 0.294303 0.669808
11362 0.365256 0.040184 0.594560
9624 0.063548 0.283315 0.653137
9653 0.098744 0.223857 0.677399
11234 0.218751 0.475137 0.306113
11303 0.618333 0.307940 0.073727
9629 0.223302 0.734689 0.042009
9646 0.647005 0.025808 0.327187
9614 0.492828 0.358931 0.148241
9621 0.536815 0.421453 0.041732
11250 0.002922 0.803629 0.193449
9604 0.096094 0.112805 0.791101
9591 0.172773 0.006173 0.821054
9579 0.198213 0.021879 0.779907
11366 0.250833 0.479328 0.269839
11354 0.535334 0.238521 0.226146
9656 0.334917 0.357488 0.307595
11308 0.325798 0.296146 0.378056
11357 0.696459 0.161344 0.142197
11261 0.832805 0.054319 0.112876
9581 0.375999 0.564040 0.059962
11359 0.133981 0.525244 0.340775
9602 0.498409 0.445881 0.055709
9589 0.572527 0.259067 0.168406
9577 0.055883 0.621122 0.322995
9717 0.217985 0.396854 0.385161
9729 0.427156 0.197785 0.375059
11309 0.275638 0.402407 0.321955
11356 0.394871 0.078739 0.526390
9721 0.876399 0.067947 0.055653
9715 0.022311 0.050059 0.927630
9707 0.179665 0.775894 0.044441
9737 0.027996 0.558362 0.413642
11316 0.740821 0.201176 0.058003
9709 0.089908 0.005145 0.904947
11338 0.148260 0.072638 0.779102
9691 0.670992 0.135990 0.193018
9702 0.261362 0.214192 0.524446
11330 0.387749 0.039593 0.572658
9684 0.221423 0.035677 0.742900
11870 0.296952 0.222842 0.480206
6230 0.224419 0.758948 0.016633
11824 0.134576 0.654992 0.210432
6207 0.314874 0.379283 0.305843
11846 0.703828 0.248603 0.047569
6244 0.176062 0.408007 0.415931
6238 0.068349 0.929574 0.002076
11876 0.128024 0.785866 0.086110
5916 0.194481 0.710358 0.095161
5915 0.213104 0.786896 0.000000
5908 0.386950 0.613050 0.000000
12867 0.470879 0.017252 0.511869
5517 0.198841 0.215120 0.586039
11079 0.667272 0.018010 0.314718
12573 0.244278 0.608248 0.147474
6269 0.234128 0.192975 0.572897
6266 0.373566 0.100012 0.526421
12751 0.017541 0.915978 0.066480
5813 0.700436 0.252069 0.047496
11210 0.564311 0.274991 0.160698
5826 0.222486 0.407068 0.370446
12778 0.718156 0.254789 0.027055
12771 0.042131 0.597010 0.360859
12773 0.037916 0.648322 0.313763
10745 0.099643 0.213968 0.686389
6093 0.233869 0.738747 0.027384
10780 0.721867 0.041544 0.236589
11619 0.118367 0.136660 0.744973
11627 0.258321 0.400108 0.341570
11631 0.194544 0.311596 0.493860
6211 0.125936 0.278539 0.595526
11616 0.330418 0.287793 0.381788
5997 0.179622 0.461522 0.358856
6085 0.111925 0.501258 0.386818
11716 0.656502 0.223142 0.120357
11693 0.007602 0.480702 0.511696
11589 0.408311 0.362602 0.229087
6043 0.170570 0.118666 0.710764
15163 0.657480 0.142518 0.200002
11558 0.000000 0.928160 0.071840
11562 0.331538 0.066733 0.601729
11568 0.112369 0.655375 0.232256
15180 0.316130 0.553708 0.130161
11636 0.051543 0.058254 0.890203
5944 0.368238 0.574836 0.056926
5962 0.129349 0.007652 0.862999
11583 0.860081 0.008019 0.131899
6064 0.315407 0.440442 0.244151
11592 0.553269 0.197849 0.248882
5958 0.363528 0.175909 0.460563
11685 0.019516 0.282112 0.698372
11684 0.045413 0.089444 0.865144
11689 0.138043 0.503713 0.358244
6028 0.009600 0.371035 0.619365
11696 0.371518 0.198673 0.429810
11637 0.534999 0.316504 0.148496
11708 0.701437 0.092016 0.206547
6081 0.342668 0.657332 0.000000
11712 0.712575 0.183007 0.104418
6089 0.216547 0.277200 0.506254
11717 0.191144 0.721341 0.087515
6082 0.281386 0.056529 0.662085
11702 0.372639 0.459961 0.167400
10789 0.578139 0.372833 0.049028
6101 0.192762 0.214546 0.592693
6494 0.256173 0.036710 0.707117
6097 0.233060 0.025071 0.741869
6106 0.271551 0.079398 0.649051
6092 0.253115 0.197279 0.549606
6048 0.501008 0.020702 0.478290
11659 0.629717 0.283104 0.087179
6042 0.363025 0.013926 0.623049
6517 0.169241 0.200973 0.629786
6499 0.433992 0.448179 0.117829
6482 0.184746 0.392957 0.422297
6501 0.563619 0.243500 0.192881
10749 0.292369 0.290668 0.416963
10748 0.417109 0.367180 0.215711
10806 0.277010 0.609687 0.113303
10760 0.007335 0.923016 0.069649
10790 0.731682 0.009803 0.258515
11620 0.445468 0.035844 0.518687
11628 0.284124 0.222189 0.493687
5991 0.783608 0.187583 0.028809
6212 0.085311 0.111253 0.803436
6568 0.089721 0.093918 0.816361
5998 0.318545 0.573003 0.108452
6107 0.127990 0.512472 0.359538
6475 0.244883 0.349560 0.405557
5986 0.245219 0.686807 0.067974
10783 0.665535 0.230123 0.104342
11620 0.079977 0.721955 0.198068
10758 0.820322 0.016511 0.163166
6470 0.392451 0.033188 0.574361
10890 0.099718 0.487332 0.412949
6569 0.434130 0.459912 0.105959
10877 0.557159 0.330812 0.112029
10822 0.298150 0.000000 0.701850
6564 0.357345 0.475348 0.167307
6464 0.128495 0.427866 0.443639
10876 0.595064 0.173873 0.231063
10756 0.187277 0.114494 0.698229
10757 0.566009 0.050521 0.383469
10869 0.189624 0.479442 0.330934
6589 0.879354 0.100074 0.020572
10849 0.321349 0.515468 0.163184
10878 0.538843 0.266469 0.194688
10831 0.061097 0.772639 0.166265
6326 0.132674 0.420371 0.446955
6558 0.330251 0.123880 0.545869
10619 0.077124 0.250869 0.672007
10845 0.573636 0.291759 0.134605
10847 0.516499 0.044536 0.438965
6583 0.491299 0.439499 0.069201
6589 0.072504 0.791706 0.135790
10587 0.395079 0.349250 0.255671
13053 0.173520 0.749068 0.077412
6559 0.299803 0.675404 0.024793
11221 0.321195 0.096678 0.582127
5584 0.419116 0.251331 0.329553
9303 0.493866 0.450544 0.055590
9321 0.342388 0.388125 0.269487
11151 0.627210 0.139260 0.233530
10664 0.151405 0.062669 0.785926
10660 0.299725 0.199589 0.500686
6422 0.608033 0.140392 0.251575
6418 0.572090 0.128756 0.299154
6693 0.430391 0.559306 0.010303
11052 0.485292 0.426044 0.088664
5418 0.138865 0.506619 0.354515
10934 0.018564 0.746296 0.235140
5293 0.064696 0.842665 0.092639
5289 0.241904 0.603741 0.154355
5306 0.534158 0.213628 0.252214
5322 0.458558 0.049976 0.491466
5420 0.789664 0.074055 0.136281
10993 0.170464 0.647107 0.182429
5443 0.564073 0.226482 0.209445
11043 0.009438 0.024948 0.965614
12331 0.870500 0.099712 0.029788
19366 0.034004 0.347794 0.618202
5413 0.077011 0.347318 0.575671
19386 0.252607 0.516024 0.231368
10922 0.097924 0.355107 0.546969
10918 0.127300 0.476412 0.396287
5318 0.327870 0.107113 0.565017
5311 0.599447 0.243551 0.157001
11034 0.418381 0.176982 0.404637
16868 0.088603 0.429438 0.481959
5570 0.160072 0.638617 0.201311
12767 0.185451 0.186067 0.628482
11198 0.257285 0.384242 0.358472
193 0.340310 0.643034 0.016656
16109 0.078347 0.738544 0.183109
16103 0.688830 0.015192 0.295978
16099 0.668963 0.267306 0.063731
16116 0.285630 0.302447 0.411922
211 0.057218 0.936879 0.005903
220 0.026207 0.397960 0.575833
988 0.239458 0.437490 0.323053
11106 0.720034 0.035749 0.244217
5523 0.159583 0.094767 0.745650
5525 0.553780 0.241270 0.204951
5507 0.446370 0.228950 0.324680
11130 0.047498 0.156746 0.795757
11135 0.199771 0.397255 0.402974
11139 0.327564 0.142870 0.529565
5885 0.058126 0.227183 0.714690
5888 0.422854 0.399477 0.177668
5620 0.398150 0.556046 0.045804
191 0.225973 0.576081 0.197946
16036 0.179333 0.272602 0.548066
16140 0.169084 0.298209 0.532707
16158 0.472109 0.503036 0.024855
11094 0.562475 0.157912 0.279613
5461 0.774947 0.027164 0.197889
5486 0.410942 0.520832 0.068225
16163 0.282591 0.591994 0.125415
16138 0.106620 0.482608 0.410772
5456 0.000000 0.783669 0.216331
11201 0.355193 0.511396 0.133412
5556 0.219684 0.610380 0.169936
5552 0.407044 0.490421 0.102535
5447 0.320147 0.320441 0.359412
11064 0.026015 0.727305 0.246680
5513 0.034849 0.057112 0.908039
11189 0.231522 0.012735 0.755743
5473 0.410171 0.012916 0.576913
10418 0.288469 0.146727 0.564804
10965 0.057772 0.611357 0.330871
5542 0.200927 0.751596 0.047476
11039 0.051691 0.088833 0.859476
11170 0.016754 0.966866 0.016380
10961 0.297285 0.657164 0.045551
10950 0.483745 0.056889 0.459366
10954 0.908155 0.035127 0.056718
5550 0.067303 0.879739 0.052958
10914 0.256578 0.427397 0.316025
5353 0.388837 0.611163 0.000000
67 0.103625 0.465477 0.430898
14106 0.916153 0.061071 0.022776
40 0.116819 0.115911 0.767270
2 0.143968 0.673062 0.182971
19 0.146623 0.714556 0.138821
35 0.148396 0.554442 0.297162
26 0.051636 0.468639 0.479726
14 0.221684 0.492993 0.285323
10 0.085150 0.716483 0.198367
6 0.139645 0.636915 0.223439
16921 0.630509 0.047626 0.321865
39 0.217418 0.361262 0.421320
16863 0.683148 0.170339 0.146513
5428 0.188918 0.230822 0.580260
19369 0.114819 0.445135 0.440046
6699 0.689908 0.284004 0.026088
129 0.184411 0.615058 0.200532
14089 0.124357 0.367753 0.507890
19020 0.419756 0.152126 0.428118
16911 0.604129 0.259203 0.136668
99 0.197171 0.234299 0.568530
85 0.251715 0.463288 0.284998
5372 0.034794 0.552807 0.412398
5376 0.457870 0.482484 0.059647
5377 0.295724 0.526937 0.177340
16973 0.000561 0.336732 0.662707
4048 0.668939 0.284603 0.046458
5851 0.030455 0.456846 0.512699
5845 0.611131 0.025043 0.363826
5841 0.369960 0.067036 0.563004
5816 0.684626 0.150923 0.164451
5852 0.174404 0.790348 0.035248
12791 0.637071 0.349470 0.013458
12747 0.225609 0.589756 0.184635
5906 0.309257 0.341663 0.349080
11884 0.224168 0.238836 0.536996
517 0.253523 0.114116 0.632361
15587 0.018467 0.427126 0.554408
14831 0.412867 0.220363 0.366770
5874 0.014890 0.214054 0.771055
5899 0.133842 0.800536 0.065623
12857 0.607628 0.341629 0.050743
11471 0.250775 0.598983 0.150242
9350 0.461781 0.308023 0.230196
12603 0.200876 0.444547 0.354577
5875 0.114489 0.373065 0.512446
12798 0.461881 0.360518 0.177602
5931 0.168963 0.650951 0.180085
5618 0.182573 0.175377 0.642051
12591 0.468353 0.009197 0.522450
12591 0.224149 0.673336 0.102515
5920 0.030911 0.232064 0.737025
12607 0.722773 0.146346 0.130880
12616 0.347700 0.302067 0.350234
12612 0.162280 0.169234 0.668487
5662 0.413675 0.058743 0.527581
12588 0.006804 0.337725 0.655471
12585 0.441867 0.123384 0.434749
12562 0.486762 0.306722 0.206516
12551 0.292222 0.364335 0.343443
12555 0.433862 0.120577 0.445562
5641 0.038787 0.135637 0.825576
5640 0.367120 0.106827 0.526053
5634 0.188005 0.811995 0.000000
5694 0.782117 0.095228 0.122656
12702 0.804945 0.133867 0.061188
5743 0.099683 0.748285 0.152033
12578 0.705735 0.000345 0.293919
12711 0.711091 0.013505 0.275405
12815 0.397878 0.095488 0.506635
12795 0.303269 0.296005 0.400725
5935 0.387233 0.043211 0.569556
5930 0.265102 0.412466 0.322432
12818 0.114666 0.833443 0.051890
5754 0.111211 0.375101 0.513688
5728 0.057324 0.904722 0.037954
19355 0.026816 0.639958 0.333226
12641 0.354839 0.334100 0.311061
12582 0.366380 0.468232 0.165388
12822 0.171677 0.637359 0.190964
5775 0.111638 0.730079 0.158283
12630 0.070505 0.111503 0.817992
12658 0.420350 0.557148 0.022503
5760 0.392900 0.504821 0.102279
5729 0.003171 0.809141 0.187688
12650 0.355807 0.006141 0.638052
19348 0.152419 0.389671 0.457909
7112 0.229187 0.129078 0.641734
7304 0.066960 0.333314 0.599726
12899 0.043942 0.241722 0.714336
13088 0.289353 0.542224 0.168423
10824 0.306805 0.389307 0.303888
10832 0.361705 0.492145 0.146150
6560 0.332190 0.304281 0.363529
10833 0.500290 0.147327 0.352383
6536 0.549295 0.222932 0.227773
10823 0.147889 0.805403 0.046709
6520 0.055550 0.147905 0.796545
10820 0.011898 0.289006 0.699096
6581 0.241132 0.058468 0.700400
5720 0.132485 0.322069 0.545446
10825 0.387213 0.294441 0.318346
13044 0.066987 0.751923 0.181090
7443 0.036808 0.152917 0.810275
7439 0.537885 0.462115 0.000000
13073 0.084868 0.162895 0.752237
13069 0.325062 0.325451 0.349487
13066 0.622225 0.015410 0.362365
6344 0.607583 0.055682 0.336735
10577 0.135924 0.744203 0.119873
13109 0.133783 0.674736 0.191481
7505 0.323971 0.000000 0.676029
7505 0.065320 0.061630 0.873049
13058 0.089375 0.336635 0.573990
10837 0.617530 0.132606 0.249864
10626 0.101922 0.385843 0.512235
6349 0.403274 0.164389 0.432337
6349 0.129847 0.067124 0.803029
10582 0.890390 0.066291 0.043319
6319 0.293244 0.442482 0.264274
6319 0.144719 0.262317 0.592964
13193 0.605566 0.161121 0.233314
12962 0.193451 0.230717 0.575832
13000 0.214799 0.359954 0.425247
13027 0.319018 0.184246 0.496736
13151 0.235811 0.438933 0.325256
7544 0.174703 0.053666 0.771631
12933 0.107391 0.408775 0.483834
12923 0.167338 0.452790 0.379872
7534 0.404834 0.462156 0.133009
13185 0.142133 0.021549 0.836318
13125 0.032102 0.023223 0.944674
7490 0.087562 0.316247 0.596190
13083 0.425658 0.147668 0.426674
6552 0.345622 0.173651 0.480727
6321 0.300031 0.581902 0.118066
6337 0.223088 0.125646 0.651267
6335 0.092132 0.230936 0.676932
13186 0.169969 0.155525 0.674506
13201 0.575699 0.156661 0.267639
7585 0.551475 0.337680 0.110845
7582 0.082519 0.865129 0.052352
13137 0.449894 0.258283 0.291823
7333 0.285538 0.378602 0.335859
12883 0.368263 0.475285 0.156452
7329 0.464682 0.522965 0.012352
10832 0.105692 0.492749 0.401560
13121 0.166587 0.356375 0.477039
7458 0.760920 0.105115 0.133965
6319 0.036182 0.114956 0.848862
6318 0.105544 0.784636 0.109820
7399 0.075855 0.118642 0.805503
6318 0.393943 0.559639 0.046418
7351 0.253535 0.455785 0.290681
12983 0.773853 0.198861 0.027286
12966 0.641457 0.081542 0.277002
7413 0.108942 0.004395 0.886662
7295 0.257929 0.656000 0.086070
7300 0.175829 0.373862 0.450309
13169 0.181238 0.502087 0.316675
7509 0.075867 0.476979 0.447154
13169 0.767049 0.130603 0.102348
12945 0.196208 0.016784 0.787008
13205 0.766253 0.137901 0.095847
7567 0.073279 0.278933 0.647787
7568 0.203923 0.691169 0.104908
12941 0.488380 0.043848 0.467772
7342 0.194590 0.671924 0.133486
7815 0.158809 0.136462 0.704729
7580 0.159167 0.398194 0.442639
7804 0.491669 0.319513 0.188819
12116 0.464860 0.299574 0.235566
12882 0.061789 0.591133 0.347078
12065 0.539205 0.405236 0.055559
7823 0.701127 0.294999 0.003875
6146 0.577456 0.176018 0.246526
6121 0.448968 0.015329 0.535703
6125 0.249884 0.269310 0.480807
6113 0.723754 0.274158 0.002088
6111 0.031626 0.122522 0.845852
11743 0.403299 0.532167 0.064534
11804 0.301498 0.372051 0.326451
6130 0.474235 0.337018 0.188748
6134 0.412625 0.240537 0.346838
11859 0.290555 0.398494 0.310951
7776 0.060193 0.587201 0.352606
6124 0.565415 0.286788 0.147797
6120 0.235447 0.518568 0.245985
12184 0.807296 0.063812 0.128892
12088 0.577614 0.345596 0.076790
11746 0.187150 0.403922 0.408929
11761 0.579111 0.100705 0.320184
7768 0.262349 0.327992 0.409659
7796 0.124205 0.143081 0.732714
6141 0.544897 0.391247 0.063856
12144 0.353935 0.298072 0.347993
7842 0.333863 0.011363 0.654774
12206 0.521121 0.424349 0.054530
12137 0.057309 0.785397 0.157295
7774 0.414344 0.024873 0.560783
12174 0.061350 0.517034 0.421615
7782 0.086245 0.429214 0.484541
12213 0.356226 0.542492 0.101282
12201 0.168490 0.135583 0.695927
12148 0.387282 0.549371 0.063347
7878 0.210061 0.705297 0.084642
11940 0.223729 0.391017 0.385254
7853 0.892550 0.065736 0.041714
7847 0.523081 0.379919 0.096999
12170 0.605171 0.098837 0.295992
7601 0.373729 0.489814 0.136457
7843 0.331360 0.309613 0.359028
12135 0.077734 0.121748 0.800518
11904 0.327144 0.391229 0.281628
7673 0.405899 0.222255 0.371846
11953 0.365744 0.230847 0.403409
7624 0.468746 0.161966 0.369288
7635 0.164653 0.213358 0.621989
12147 0.867365 0.096964 0.035671
11922 0.432988 0.476768 0.090244
7916 0.060247 0.243938 0.695815
11921 0.635053 0.216556 0.148391
12181 0.330420 0.427093 0.242487
12375 0.781977 0.088556 0.129467
11934 0.432439 0.115657 0.451904
12248 0.679032 0.284301 0.036667
12198 0.106689 0.528732 0.364578
7851 0.087655 0.780201 0.132144
12200 0.452832 0.205422 0.341747
7670 0.439518 0.057837 0.502645
12016 0.271253 0.521498 0.207248
7731 0.549524 0.135532 0.314943
12047 0.435527 0.179796 0.384678
12044 0.162440 0.812296 0.025264
7723 0.074048 0.924029 0.001923
6826 0.700216 0.106169 0.193615
7721 0.113605 0.225971 0.660424
11745 0.309514 0.016293 0.674193
7599 0.256749 0.339117 0.404134
12008 0.119069 0.202350 0.678581
11911 0.214908 0.175030 0.610062
12373 0.472389 0.208354 0.319257
6739 0.164332 0.730037 0.105631
7652 0.493931 0.010867 0.495202
7864 0.549819 0.436061 0.014120
7864 0.332454 0.198404 0.469143
11931 0.717603 0.133981 0.148417
7863 0.555623 0.173344 0.271032
7654 0.298857 0.224685 0.476459
7696 0.712018 0.264717 0.023266
7619 0.308888 0.515910 0.175202
7706 0.127672 0.297172 0.575156
12430 0.446504 0.386386 0.167110
7697 0.000000 0.587057 0.412943
6820 0.000000 0.269984 0.730016
6931 0.755605 0.098220 0.146175
6893 0.178657 0.041079 0.780264
6863 0.081455 0.731157 0.187388
7756 0.181238 0.675246 0.143516
6842 0.117594 0.079210 0.803196
6840 0.764786 0.216299 0.018915
6834 0.292198 0.357340 0.350462
6627 0.401770 0.110628 0.487602
6643 0.551980 0.108095 0.339925
11986 0.770586 0.094841 0.134573
7743 0.126188 0.696937 0.176875
7715 0.489486 0.364823 0.145691
11987 0.062826 0.043519 0.893655
6773 0.287190 0.699281 0.013529
6780 0.675562 0.168931 0.155507
6804 0.379516 0.367919 0.252565
12406 0.163898 0.435708 0.400394
12406 0.100262 0.835480 0.064257
7606 0.194424 0.431170 0.374405
7722 0.567420 0.286020 0.146560
11985 0.366241 0.164941 0.468818
7863 0.162244 0.477421 0.360335
11949 0.055827 0.557784 0.386389
12501 0.341257 0.186566 0.472178
7654 0.328240 0.012379 0.659381
12492 0.089003 0.435250 0.475747
6870 0.017849 0.493815 0.488336
6885 0.499797 0.500203 0.000000
12270 0.244722 0.511972 0.243306
12267 0.348321 0.390040 0.261640
6768 0.971539 0.005334 0.023127
12419 0.345032 0.511234 0.143734
6656 0.357797 0.345851 0.296352
6848 0.651012 0.162201 0.186787
6742 0.182767 0.689464 0.127769
6785 0.000000 0.617146 0.382854
12400 0.252795 0.560247 0.186958
7686 0.265790 0.179211 0.554998
7874 0.522513 0.421427 0.056060
7679 0.119546 0.138800 0.741653
6682 0.434900 0.267824 0.297276
6772 0.000000 0.694742 0.305258
12519 0.123702 0.743432 0.132865
12219 0.741527 0.086939 0.171534
6849 0.497781 0.047344 0.454875
6808 0.232137 0.184496 0.583367
7623 0.075860 0.599057 0.325083
12298 0.477249 0.261339 0.261412
12373 0.129458 0.644394 0.226148
15662 0.054925 0.369415 0.575661
9992 0.541752 0.329781 0.128467
12308 0.362950 0.593621 0.043429
12311 0.688662 0.298249 0.013089
6762 0.743270 0.146303 0.110427
1464 0.357464 0.025756 0.616780
6747 0.514910 0.260718 0.224371
10036 0.376110 0.599955 0.023935
12320 0.103573 0.844741 0.051686
6688 0.012922 0.325444 0.661634
12328 0.435991 0.475791 0.088218
11046 0.466135 0.238259 0.295607
10998 0.449898 0.397416 0.152687
121 0.138172 0.142132 0.719696
15187 0.832744 0.137341 0.029915
6302 0.621696 0.199658 0.178646
10650 0.783638 0.211776 0.004586
6394 0.132530 0.610313 0.257157
6713 0.483321 0.240120 0.276559
6717 0.582520 0.141123 0.276357
130 0.912908 0.010233 0.076859
14749 0.530370 0.406725 0.062906
10698 0.471166 0.475611 0.053223
6370 0.063676 0.502121 0.434203
7144 0.294893 0.192004 0.513103
5431 0.231496 0.309519 0.458984
16856 0.154621 0.340332 0.505047
1858 0.092064 0.640104 0.267832
7117 0.200442 0.673219 0.126339
19801 0.063844 0.023887 0.912270
19797 0.268951 0.543071 0.187978
7244 0.297885 0.184132 0.517984
19322 0.345665 0.527404 0.126930
19321 0.210490 0.039084 0.750425
7006 0.240594 0.446875 0.312531
19214 0.034240 0.420101 0.545658
19453 0.081225 0.130769 0.788006
19416 0.051610 0.398970 0.549421
19434 0.880160 0.088541 0.031299
20518 0.108432 0.108066 0.783502
21018 0.053024 0.689037 0.257939
7023 0.255592 0.567751 0.176657
7021 0.428780 0.342637 0.228584
7040 0.590034 0.216151 0.193814
19705 0.790323 0.074547 0.135129
7124 0.133950 0.466132 0.399918
7126 0.735034 0.233103 0.031863
19211 0.256542 0.038655 0.704803
19194 0.205052 0.372298 0.422651
7205 0.708562 0.188170 0.103268
7209 0.629765 0.337573 0.032662
19206 0.643251 0.000000 0.356749
19315 0.135432 0.000000 0.864568
19463 0.725121 0.237574 0.037305
7186 0.041092 0.089583 0.869325
7090 0.154176 0.765736 0.080088
7092 0.513170 0.374404 0.112426
7078 0.889472 0.079401 0.031127
7236 0.085723 0.471616 0.442661
19460 0.221650 0.373736 0.404614
19474 0.372669 0.414450 0.212881
19470 0.316115 0.510889 0.172996
19466 0.625160 0.072413 0.302428
19462 0.785471 0.204033 0.010496
3841 0.549853 0.319914 0.130233
19225 0.144267 0.392308 0.463425
6992 0.065281 0.037004 0.897715
19170 0.271096 0.029294 0.699610
19210 0.099116 0.684505 0.216379
7202 0.164915 0.326371 0.508714
6943 0.310678 0.658896 0.030425
19203 0.218860 0.675432 0.105708
19207 0.200603 0.734694 0.064703
19279 0.217031 0.268830 0.514138
19303 0.087102 0.395861 0.517037
7193 0.552455 0.254247 0.193298
4871 0.501047 0.321786 0.177167
4900 0.480854 0.443692 0.075454
7247 0.329246 0.011665 0.659088
19415 0.791022 0.114625 0.094353
19714 0.079410 0.281517 0.639073
19187 0.244171 0.703071 0.052758
6966 0.008259 0.781732 0.210009
19288 0.143520 0.789293 0.067187
19175 0.153683 0.691738 0.154579
19169 0.000000 0.897761 0.102239
6953 0.141899 0.107479 0.750622
19179 0.299347 0.015496 0.685157
19190 0.148377 0.064040 0.787583
19153 0.329569 0.001174 0.669257
19312 0.885526 0.049702 0.064772
19191 0.011030 0.765887 0.223083
7024 0.103975 0.456839 0.439186
7019 0.664209 0.236559 0.099232
19699 0.029655 0.134336 0.836009
19301 0.743304 0.204974 0.051722
4875 0.815448 0.152077 0.032475
4937 0.234923 0.565328 0.199749
19251 0.034638 0.525448 0.439914
7079 0.149408 0.385910 0.464682
7051 0.218846 0.472990 0.308163
4883 0.411091 0.131119 0.457790
4879 0.167844 0.832156 0.000000
19660 0.392015 0.561576 0.046408
4912 0.201524 0.254858 0.543618
19670 0.248078 0.199996 0.551926
19681 0.367844 0.240650 0.391506
19715 0.076836 0.071499 0.851665
19168 0.223101 0.679568 0.097331
6945 0.088764 0.674095 0.237141
19698 0.855929 0.064439 0.079632
19724 0.053298 0.316342 0.630360
4947 0.444830 0.316849 0.238321
19671 0.178839 0.540262 0.280899
19676 0.472454 0.143690 0.383856
4909 0.500107 0.304785 0.195108
4942 0.243285 0.701384 0.055331
4847 0.216434 0.648928 0.134637
4836 0.908433 0.090203 0.001364
19529 0.802924 0.088237 0.108839
4927 0.033275 0.911103 0.055622
19788 0.111618 0.535243 0.353139
19786 0.796052 0.118071 0.085877
19706 0.003856 0.921283 0.074861
8880 0.101395 0.676867 0.221737
14518 0.680751 0.206905 0.112343
14514 0.706850 0.223692 0.069458
8894 0.625443 0.156906 0.217651
14485 0.095159 0.380769 0.524071
14463 0.481814 0.456075 0.062111
9007 0.245242 0.409075 0.345683
13716 0.332511 0.433341 0.234148
13720 0.321775 0.414963 0.263262
15323 0.100822 0.309529 0.589649
14481 0.700093 0.121102 0.178805
14477 0.251545 0.305254 0.443201
19769 0.166024 0.233364 0.600612
4822 0.366310 0.277578 0.356112
4806 0.326029 0.265447 0.408524
4789 0.528444 0.093419 0.378138
4793 0.623329 0.164654 0.212017
19493 0.246997 0.488470 0.264533
19482 0.334191 0.390370 0.275439
19485 0.435251 0.329781 0.234967
2715 0.443680 0.156333 0.399987
2831 0.272350 0.529540 0.198110
21087 0.706190 0.204828 0.088981
20844 0.279271 0.392818 0.327910
20752 0.300473 0.218986 0.480541
20773 0.110671 0.177775 0.711554
19549 0.237600 0.488332 0.274068
19545 0.535850 0.306545 0.157605
3086 0.393084 0.086585 0.520331
19496 0.243755 0.658400 0.097845
2750 0.292261 0.037884 0.669855
18647 0.297147 0.156104 0.546749
19041 0.959978 0.014354 0.025667
3691 0.610782 0.026421 0.362797
3674 0.620694 0.160833 0.218473
20523 0.186737 0.437199 0.376064
20519 0.085107 0.098931 0.815962
3685 0.649032 0.340653 0.010314
3257 0.079330 0.103730 0.816940
19502 0.618202 0.074526 0.307272
3123 0.205794 0.274771 0.519435
19576 0.127397 0.217490 0.655113
19489 0.101449 0.463905 0.434646
19516 0.442277 0.399194 0.158529
19513 0.848741 0.108705 0.042554
3253 0.245110 0.578779 0.176111
18720 0.197756 0.012985 0.789259
3131 0.489622 0.321973 0.188405
19577 0.299194 0.627284 0.073523
3002 0.671953 0.061810 0.266236
3046 0.382440 0.274268 0.343292
19151 0.758903 0.086526 0.154571
3041 0.000000 0.176149 0.823851
3037 0.639067 0.000000 0.360933
19597 0.027567 0.350474 0.621959
3101 0.128747 0.359807 0.511446
3097 0.397350 0.485383 0.117267
3133 0.410676 0.338850 0.250474
18724 0.825573 0.133495 0.040932
3232 0.239761 0.328345 0.431894
3225 0.232077 0.306925 0.460997
18665 0.567334 0.169100 0.263566
2995 0.079744 0.287390 0.632865
19636 0.562630 0.315715 0.121656
3050 0.000000 0.700767 0.299233
3028 0.111109 0.103787 0.785103
3136 0.220584 0.179337 0.600079
3242 0.297578 0.213767 0.488655
3246 0.387420 0.548960 0.063620
3243 0.061570 0.892421 0.046010
3008 0.468930 0.360023 0.171047
18708 0.385457 0.582074 0.032469
21027 0.304090 0.405267 0.290643
3425 0.000000 0.271257 0.728743
3418 0.249764 0.269164 0.481072
20982 0.344432 0.179924 0.475645
19594 0.080091 0.624202 0.295707
2983 0.303137 0.543862 0.153001
2980 0.376283 0.400086 0.223631
19617 0.322371 0.664435 0.013194
3132 0.608753 0.134902 0.256345
18693 0.648801 0.106824 0.244374
3258 0.460686 0.097091 0.442223
3222 0.102806 0.633061 0.264134
3226 0.094111 0.764002 0.141887
3019 0.028869 0.450743 0.520387
18702 0.872682 0.008919 0.118400
18786 0.302888 0.629826 0.067286
3268 0.244279 0.275409 0.480312
3272 0.214834 0.500506 0.284660
3276 0.060320 0.416837 0.522843
18809 0.242184 0.116431 0.641385
18808 0.406959 0.446279 0.146762
3203 0.532049 0.238816 0.229135
3202 0.036461 0.878736 0.084803
3177 0.236095 0.082824 0.681081
3289 0.133560 0.080324 0.786115
18742 0.695536 0.194464 0.110000
18747 0.544257 0.321940 0.133802
18750 0.268439 0.053871 0.677690
18754 0.662533 0.130358 0.207109
18779 0.624960 0.134594 0.240445
3167 0.124372 0.703626 0.172002
3164 0.565450 0.212025 0.222525
18815 0.489099 0.331685 0.179216
18759 0.527264 0.115420 0.357316
18760 0.741114 0.127482 0.131403
20634 0.317300 0.193959 0.488741
20582 0.250814 0.023235 0.725951
20578 0.050110 0.592858 0.357032
20802 0.031679 0.607285 0.361036
20553 0.064521 0.394110 0.541369
20497 0.162644 0.041317 0.796039
18758 0.037112 0.117959 0.844929
20767 0.687891 0.123926 0.188183
3763 0.222760 0.566710 0.210530
3663 0.692559 0.007060 0.300382
3659 0.772340 0.018380 0.209279
18655 0.136895 0.596430 0.266676
18546 0.125315 0.366592 0.508093
3878 0.061743 0.862817 0.075439
3654 0.355149 0.258117 0.386734
20747 0.158024 0.835483 0.006493
3411 0.507615 0.046804 0.445581
3658 0.161877 0.720265 0.117858
3639 0.177970 0.460018 0.362012
20780 0.746619 0.151924 0.101457
9186 0.113844 0.739592 0.146564
20783 0.420412 0.446145 0.133443
3756 0.155988 0.239169 0.604843
18609 0.132716 0.000000 0.867284
18553 0.006555 0.126596 0.866848
2772 0.656065 0.191412 0.152524
2742 0.409749 0.356525 0.233726
18626 0.643011 0.043321 0.313668
2803 0.208559 0.680636 0.110805
18644 0.553175 0.181149 0.265676
18617 0.184474 0.409483 0.406043
2768 0.000000 0.848994 0.151006
2765 0.685114 0.086439 0.228447
2660 0.000000 0.312145 0.687855
18530 0.318204 0.254150 0.427645
20475 0.373833 0.101932 0.524235
3672 0.678525 0.034699 0.286776
2791 0.115933 0.117882 0.766185
2672 0.000000 0.909629 0.090371
18524 0.205808 0.200804 0.593388
18509 0.584219 0.132124 0.283657
3416 0.600808 0.229686 0.169507
15457 0.126627 0.613397 0.259976
18573 0.834780 0.022106 0.143113
2770 0.109188 0.216130 0.674682
18619 0.640940 0.056865 0.302196
2773 0.519459 0.399737 0.080803
2679 0.000000 0.225981 0.774019
2738 0.000000 0.531000 0.469000
18499 0.697626 0.147516 0.154858
13287 0.853306 0.139466 0.007228
19037 0.467087 0.233185 0.299728
19033 0.370171 0.143281 0.486548
2672 0.257253 0.639677 0.103070
2676 0.271089 0.546711 0.182200
19062 0.407875 0.429684 0.162441
2659 0.572110 0.427890 0.000000
18580 0.618772 0.111047 0.270180
2767 0.082625 0.206001 0.711374
18507 0.065489 0.394951 0.539561
19040 0.043507 0.152874 0.803618
19107 0.599527 0.258661 0.141812
2688 0.160407 0.231761 0.607831
19031 0.018158 0.949663 0.032179
2696 0.082415 0.656259 0.261326
19061 0.037111 0.462505 0.500384
19061 0.394819 0.350025 0.255156
18623 0.313224 0.440773 0.246002
18507 0.102103 0.139002 0.758894
18529 0.220163 0.511529 0.268308
2887 0.176196 0.031431 0.792373
2828 0.526337 0.286253 0.187410
18995 0.591193 0.394743 0.014064
14452 0.857362 0.073680 0.068958
2772 0.496968 0.399372 0.103660
2683 0.368428 0.193669 0.437903
2702 0.726840 0.273160 0.000000
2710 0.004479 0.624123 0.371398
9007 0.576948 0.283954 0.139099
2806 0.061539 0.072270 0.866191
19081 0.709773 0.150147 0.140080
19106 0.615645 0.122694 0.261661
2945 0.615752 0.261583 0.122665
19109 0.612691 0.078714 0.308595
21060 0.009719 0.197445 0.792836
2933 0.073013 0.132103 0.794884
2934 0.000000 0.353308 0.646692
19138 0.207305 0.143178 0.649517
21057 0.071548 0.563013 0.365439
3308 0.186608 0.588186 0.225206
21055 0.677953 0.312358 0.009689
13719 0.115528 0.224433 0.660038
19067 0.527032 0.399852 0.073115
19125 0.001728 0.206920 0.791352
19120 0.120167 0.345443 0.534389
2814 0.462091 0.123591 0.414319
20672 0.217173 0.135582 0.647244
18932 0.071758 0.869167 0.059076
2855 0.524775 0.118783 0.356441
2848 0.562363 0.393271 0.044366
2866 0.541961 0.369492 0.088547
19071 0.582183 0.339113 0.078704
2880 0.230407 0.297129 0.472464
20647 0.369615 0.366856 0.263529
20655 0.270398 0.727793 0.001809
3771 0.197912 0.412359 0.389728
21043 0.444520 0.203079 0.352401
19072 0.040482 0.901925 0.057593
19075 0.193884 0.532378 0.273738
2841 0.622457 0.096207 0.281336
2885 0.947848 0.011672 0.040480
19073 0.634263 0.259352 0.106385
2848 0.382119 0.063114 0.554767
2866 0.210349 0.563266 0.226385
19071 0.647908 0.060917 0.291174
18921 0.447289 0.257044 0.295667
2849 0.483202 0.112028 0.404771
20686 0.419862 0.080853 0.499285
18911 0.254516 0.440081 0.305403
3754 0.427844 0.257879 0.314277
3464 0.674972 0.243425 0.081603
21046 0.531086 0.384426 0.084488
3770 0.504105 0.489855 0.006040
20748 0.341479 0.115448 0.543073
20661 0.288869 0.698507 0.012624
20744 0.432744 0.523736 0.043520
3774 0.692779 0.079193 0.228028
3766 0.293310 0.102304 0.604386
3640 0.134117 0.375537 0.490346
20738 0.234876 0.545854 0.219270
20758 0.548273 0.279675 0.172053
3634 0.029290 0.119862 0.850848
20753 0.203258 0.190582 0.606160
20515 0.230006 0.353693 0.416300
20520 0.879982 0.019046 0.100972
3910 0.356493 0.557354 0.086154
3906 0.197326 0.347030 0.455644
20546 0.422011 0.281887 0.296103
20549 0.374265 0.061882 0.563853
20489 0.019912 0.630071 0.350017
20491 0.228987 0.253999 0.517014
3942 0.268822 0.470618 0.260560
20536 0.021486 0.625678 0.352837
3914 0.040664 0.189706 0.769629
20621 0.163840 0.326968 0.509192
3882 0.182710 0.204260 0.613030
20498 0.627854 0.232983 0.139163
3956 0.345904 0.298384 0.355712
20501 0.236506 0.599200 0.164295
3821 0.044173 0.219031 0.736796
20611 0.191476 0.461828 0.346695
20615 0.499567 0.393821 0.106612
3932 0.114850 0.193439 0.691711
20590 0.534536 0.215621 0.249843
3806 0.036373 0.522173 0.441454
3847 0.402261 0.587595 0.010144
3830 0.537938 0.178390 0.283672
3837 0.095533 0.414938 0.489529
3800 0.100199 0.280697 0.619104
21028 0.600968 0.055373 0.343659
20555 0.050758 0.125976 0.823266
3864 0.267976 0.477045 0.254979
21014 0.067430 0.346648 0.585922
21011 0.260034 0.531354 0.208612
7253 0.054107 0.228973 0.716920
2825 0.367262 0.511360 0.121378
20669 0.536967 0.282836 0.180196
3414 0.075124 0.055181 0.869695
18561 0.241432 0.166330 0.592238
3409 0.187343 0.245494 0.567162
3397 0.203928 0.672149 0.123924
3385 0.186979 0.768122 0.044899
3429 0.078671 0.728627 0.192702
21004 0.224627 0.227779 0.547594
20996 0.695980 0.273755 0.030265
20988 0.639851 0.234442 0.125707
3427 0.916245 0.037633 0.046122
3419 0.070882 0.929118 0.000000
3391 0.029058 0.280789 0.690152
3394 0.337687 0.513379 0.148933
3448 0.102785 0.461343 0.435873
3456 0.555234 0.381445 0.063321
21110 0.638041 0.116873 0.245086
21050 0.186347 0.473542 0.340111
21051 0.150499 0.100949 0.748552
3313 0.345230 0.494591 0.160178
21053 0.480746 0.126424 0.392830
20876 0.188147 0.015203 0.796650
3302 0.000000 0.745663 0.254337
3302 0.621914 0.000000 0.378086
21090 0.861379 0.062972 0.075649
3577 0.172444 0.788006 0.039549
3573 0.847125 0.012058 0.140817
21128 0.845927 0.028829 0.125244
3323 0.328772 0.055499 0.615730
21078 0.369422 0.191810 0.438768
8285 0.795787 0.199780 0.004433
3443 0.177002 0.322861 0.500137
3570 0.144632 0.138605 0.716763
20877 0.117860 0.256354 0.625786
3575 0.000000 0.063028 0.936972
3582 0.852938 0.058232 0.088830
3583 0.407852 0.356872 0.235275
20864 0.342773 0.000000 0.657227
3352 0.189256 0.533413 0.277331
3347 0.077242 0.032297 0.890461
21120 0.071922 0.876199 0.051879
3362 0.293945 0.644754 0.061301
3376 0.026163 0.752919 0.220918
15577 0.109492 0.238658 0.651849
3375 0.008688 0.466929 0.524382
3374 0.030323 0.844583 0.125094
15724 0.567501 0.244383 0.188116
15699 0.672540 0.137445 0.190015
15695 0.789990 0.170944 0.039066
15776 0.951035 0.010454 0.038511
3354 0.342005 0.358159 0.299836
20837 0.000000 0.054392 0.945608
20932 0.045317 0.342500 0.612184
3592 0.226172 0.405908 0.367920
20964 0.514628 0.058883 0.426488
20862 0.178530 0.715785 0.105685
3619 0.177222 0.018743 0.804036
20828 0.935267 0.063795 0.000939
20824 0.792404 0.045557 0.162039
3616 0.398634 0.165828 0.435538
20935 0.633875 0.004132 0.361993
20931 0.256487 0.062583 0.680930
20945 0.772832 0.095549 0.131619
3477 0.272067 0.340630 0.387302
3471 0.000000 0.166423 0.833577
20897 0.605114 0.085483 0.309403
20922 0.763045 0.169737 0.067218
20900 0.878307 0.089060 0.032633
3493 0.215459 0.460148 0.324393
3489 0.317883 0.403910 0.278206
3499 0.670180 0.051310 0.278511
10177 0.026602 0.686140 0.287258
15570 0.213184 0.361968 0.424848
10183 0.074603 0.181215 0.744182
3510 0.940822 0.007526 0.051653
3525 0.748337 0.153522 0.098141
3543 0.118430 0.123818 0.757752
3536 0.071173 0.712228 0.216598
20911 0.108150 0.048499 0.843352
